420,2483.501953,-1653.005981,13.208463,84.328437,-1,-1 
420,2329.871582,-1741.161376,13.323736,84.328437,-1,-1 
420,2254.364990,-1801.098144,13.326273,84.328437,-1,-1 
420,2388.764892,-1886.926513,13.240688,84.328437,-1,-1 
420,2483.635986,-1951.712524,13.219112,84.328437,-1,-1 
420,2723.840332,-1959.902343,13.324604,84.328437,-1,-1 
420,2658.837402,-1996.989624,13.334468,84.328437,-1,-1 
420,2808.217041,-1952.149414,12.698991,84.328437,-1,-1 
420,2856.924560,-1624.466674,10.864195,84.328437,-1,-1 
420,2832.851074,-1158.189819,24.754022,84.328437,-1,-1 
420,2633.926757,-1078.427978,69.404174,84.328437,-1,-1 
420,2589.505859,-1262.956054,46.566558,84.328437,-1,-1 
420,2409.596923,-1227.668457,24.021846,86.131431,-1,-1 
420,2391.174316,-1495.886718,23.615110,86.131431,-1,-1 
420,2472.071777,-1555.326049,23.785783,86.131431,-1,-1 
420,2106.699462,-1780.743652,13.168498,86.131431,-1,-1 
420,1895.302246,-1937.495727,13.237833,86.131431,-1,-1 
420,1776.428955,-1922.522705,13.160515,86.131431,-1,-1 
420,1809.573974,-1643.288085,13.318190,86.131431,-1,-1 
420,1703.189575,-1608.932128,13.336149,86.131431,-1,-1 
420,1519.581909,-1679.765136,13.325097,86.131431,-1,-1 
420,1382.003906,-1764.848999,13.327502,86.131431,-1,-1 
420,1578.348144,-1879.483886,13.325613,86.131431,-1,-1 
420,1278.983154,-1826.084106,13.165167,92.596733,-1,-1 
420,946.050415,-1757.029907,13.326869,92.596733,-1,-1 
420,621.353820,-1611.701782,16.277229,92.596733,-1,-1 
420,783.297790,-1348.223876,13.313007,92.596733,-1,-1 
420,1034.215698,-1137.904052,23.435928,92.596733,-1,-1 
420,1170.572265,-1021.655517,33.176738,92.596733,-1,-1 
420,982.508911,-925.861694,41.493122,92.596733,-1,-1 
420,1223.517456,-905.145996,42.677833,92.596733,-1,-1 
420,1463.730468,-902.303283,54.615238,92.596733,-1,-1 
420,2115.341552,-1061.269287,25.458728,92.596733,-1,-1 
420,2207.168457,-1162.442260,25.508306,92.596733,-1,-1 
420,765.630554,-1033.608154,23.799011,92.596733,-1,-1 
420,656.148193,-1276.083984,13.407995,92.596733,-1,-1 
420,363.666412,-1999.574218,7.612667,92.596733,-1,-1 
420,782.904052,-1607.611328,13.161160,353.963134,-1,-1 
420,488.918762,-1546.890747,18.084375,353.963134,-1,-1 
411,1103.475097,-963.040039,42.288429,274.925292,-1,-1 
411,1422.585449,-920.030700,35.773967,274.925292,-1,-1 
411,2158.106445,-1184.229614,23.581453,266.174926,-1,-1 
411,2136.410644,-1486.911132,23.709772,266.174926,-1,-1 
411,1474.701660,-1722.827392,13.273965,266.174926,-1,-1 
431,2119.692138,-1778.936157,13.490321,354.786743,-1,-1 
431,1777.374755,-1925.915893,13.568371,354.786743,-1,-1 
431,1872.270385,-1382.859375,13.634242,354.786743,-1,-1 
431,2148.709960,-1107.129516,25.447824,354.786743,-1,-1 
431,2337.629394,-1361.020385,24.164785,354.786743,-1,-1 
431,2682.514404,-1078.993041,69.305549,354.786743,-1,-1 
431,2768.682128,-1844.896606,9.772948,354.786743,-1,-1 
431,2900.935546,-1161.972045,11.305441,354.786743,-1,-1 
431,2147.557617,-1157.921020,23.934526,354.786743,-1,-1 
431,1656.504394,-1084.408935,23.947172,354.786743,-1,-1 
431,1055.769287,-968.381958,42.834228,354.786743,-1,-1 
431,625.789672,-1374.647338,13.519371,354.786743,-1,-1 
431,823.771118,-1834.195556,12.525902,354.786743,-1,-1 
431,1064.967651,-1743.161254,13.505754,354.786743,-1,-1 
431,1559.501708,-1776.685668,13.590694,354.786743,-1,-1 
431,1556.013183,-2212.998046,13.561227,185.315429,-1,-1 
431,1549.473266,-2213.629150,13.619986,185.315429,-1,-1 
431,1542.767822,-2213.281982,13.603753,185.315429,-1,-1 
431,1536.309936,-2213.368164,13.593813,185.315429,-1,-1 
431,1529.751831,-2211.755859,13.560696,185.315429,-1,-1 
420,1560.321533,-2254.131835,13.325565,271.139770,-1,-1 
420,1560.442382,-2247.514892,13.327699,271.139770,-1,-1 
420,1560.227539,-2241.136718,13.326634,271.139770,-1,-1 
420,1560.567749,-2234.514160,13.325588,271.139770,-1,-1 
541,262.466278,-1221.342041,74.448051,27.418834,-1,-1 
409,249.992141,-1260.477172,69.948837,313.362976,-1,-1 
469,196.447036,-1261.043823,78.347618,76.349296,-1,-1 
494,347.767578,-1197.535766,76.410797,208.324325,-1,-1 
494,285.164123,-1170.863159,80.808570,310.412628,-1,-1 
468,301.998046,-1183.778076,80.582878,328.726623,-1,-1 
520,280.432830,-1191.590576,81.234153,318.069641,-1,-1 
469,261.512176,-1170.075317,79.397499,292.319305,-1,-1 
506,403.765075,-1152.605224,76.967620,153.075897,-1,-1 
522,407.629730,-1153.672851,76.732154,157.734970,-1,-1 
480,474.589813,-1170.441040,64.727439,205.432006,-1,-1 
510,470.958923,-1168.657836,65.716857,203.381851,-1,-1 
522,553.567138,-1163.625732,53.955936,21.886648,-1,-1 
415,568.460937,-1131.857055,50.387870,199.529983,-1,-1 
411,633.557922,-1121.694213,44.983901,228.537231,-1,-1 
477,660.447937,-1063.387573,48.740406,181.529861,-1,-1 
468,662.431396,-1059.254516,48.888511,257.112426,-1,-1 
494,685.411865,-1073.183593,49.480869,66.288932,-1,-1 
555,683.341247,-1026.542968,51.134059,241.787261,-1,-1 
429,726.224548,-992.912963,52.347354,39.716091,-1,-1 
481,725.916503,-995.920349,52.248466,54.052822,-1,-1 
468,564.248413,-1070.073730,72.848304,51.402591,-1,-1 
494,479.428894,-1087.023437,82.434921,5.912496,-1,-1 
411,164.049163,-1343.123291,69.324645,190.134033,-1,-1 
506,211.649826,-1396.530029,51.291351,338.371520,-1,-1 
510,213.874450,-1400.883178,51.192287,311.434875,-1,-1 
409,269.794097,-1363.745239,52.982028,283.841308,-1,-1 
415,250.139236,-1353.161499,52.880687,339.892913,-1,-1 
586,250.114715,-1360.009521,52.626232,286.893066,-1,-1 
402,264.111633,-1377.777709,52.940986,3.689542,-1,-1 
480,288.428863,-1341.464355,53.211624,41.003795,-1,-1 
495,308.692230,-1328.245849,53.796146,105.577743,-1,-1 
522,293.803924,-1337.649291,53.006591,134.015304,-1,-1 
429,303.138977,-1320.107788,53.125000,111.355140,-1,-1 
420,359.098602,-1272.801269,53.465324,290.459320,-1,-1 
589,548.015563,-1198.924804,44.146713,294.006439,-1,-1 
559,820.286743,-765.547912,77.567909,196.603332,-1,-1 
510,814.407958,-766.626708,76.474311,191.990036,-1,-1 
533,879.204650,-785.051818,100.946762,280.548767,-1,-1 
522,887.629089,-779.755249,100.824935,280.762329,-1,-1 
458,865.138000,-711.570251,105.558174,162.276977,-1,-1 
565,910.680664,-665.225463,116.566825,131.370880,-1,-1 
495,948.723937,-693.001770,122.294639,33.828151,-1,-1 
494,943.091369,-699.090332,121.956047,19.816698,-1,-1 
541,1035.525634,-641.262023,119.742027,303.173919,-1,-1 
522,1041.724731,-641.662841,119.691169,22.237371,-1,-1 
411,1088.564575,-643.100952,113.051071,273.162170,-1,-1 
429,1088.121582,-638.728271,112.826614,271.089111,-1,-1 
522,1105.000610,-647.194274,113.040687,4.299690,-1,-1 
468,1108.303955,-647.386596,112.929244,359.470214,-1,-1 
510,1111.164062,-647.550720,112.681365,341.856597,-1,-1 
415,1453.457641,-635.089538,95.507026,172.810867,-1,-1 
480,1448.294311,-635.305236,95.441078,169.558013,-1,-1 
477,1354.844360,-631.197998,108.888595,186.916915,-1,-1 
494,1107.590087,-731.125366,100.545265,113.007369,-1,-1 
411,1090.919311,-784.565124,107.055046,358.801147,-1,-1 
451,958.440917,-766.761535,109.235237,97.703849,-1,-1 
415,1028.380371,-809.127258,101.624160,206.098312,-1,-1 
506,978.600219,-828.988403,95.603111,29.084459,-1,-1 
541,930.108520,-859.238647,93.086517,3.714411,-1,-1 
510,933.374877,-858.568420,93.077980,18.654424,-1,-1 
521,936.452270,-858.201293,93.072349,23.483989,-1,-1 
411,831.219055,-885.248291,68.533638,254.799530,-1,-1 
429,829.794677,-849.839416,69.600288,17.159000,-1,-1 
468,823.002929,-867.376525,69.590919,120.005363,-1,-1 
477,1534.216796,-842.047058,64.821922,65.539176,-1,-1 
411,1508.865600,-2212.367675,13.277819,310.382904,-1,-1 
411,1264.566162,-2010.618652,59.016803,310.382904,-1,-1 
411,936.217529,-1624.714111,13.273954,82.238975,-1,-1 
411,649.575073,-1470.625366,14.502216,82.238975,-1,-1 
506,547.867553,-1285.612792,16.952566,273.359161,-1,-1 
411,530.112670,-1288.440917,16.969268,266.376586,-1,-1 
411,838.985351,-1387.873657,13.300624,266.376586,-1,-1 
411,328.691223,-1808.723754,4.178426,266.376586,-1,-1 
522,-52.851444,1205.221801,18.923364,170.760253,-1,-1 
522,166.355590,1186.193481,14.329342,170.760253,-1,-1 
522,-40.558948,1016.747558,19.296266,170.760253,-1,-1 
522,-285.542755,1033.224487,19.309387,170.760253,-1,-1 
522,-320.641967,1156.807495,19.306104,170.760253,-1,-1 
522,31.958295,1095.783935,19.307975,170.760253,-1,-1 
522,-746.581848,1447.559204,15.790620,206.157272,-1,-1 
522,-423.268920,2206.847900,41.919548,358.016815,-1,-1 
522,-424.255249,2204.876220,41.918426,358.016815,-1,-1 
522,-425.200622,2201.478271,41.918903,358.016815,-1,-1 
522,-426.626251,2198.159179,41.917854,358.016815,-1,-1 
494,-428.330688,2173.910400,42.450763,6.650128,-1,-1 
494,-428.220703,2178.389892,41.832897,6.650128,-1,-1 
494,-427.537963,2183.091552,41.720687,6.650128,-1,-1 
494,-427.120971,2187.355468,41.737525,6.650128,-1,-1 
522,-238.710174,2595.119628,62.265739,60.084384,-1,-1 
522,-183.668548,2736.826904,62.104690,170.875534,-1,-1 
522,-264.848144,2712.852783,62.253318,170.875534,-1,-1 
415,-203.185409,2666.908203,62.460834,353.668060,-1,-1 
597,-227.918075,2692.565429,62.452747,356.880493,-1,-1 
411,-218.056152,2757.368408,62.414730,48.547378,-1,-1 
411,-227.451522,2593.538574,62.430210,48.547378,-1,-1 
429,-222.696090,2594.216308,62.397457,176.401107,-1,-1 
541,-218.469955,2594.584716,62.328044,172.182342,-1,-1 
480,-214.231674,2595.102783,62.475360,163.050918,-1,-1 
506,-209.258956,2594.338134,62.407119,182.877166,-1,-1 
451,-204.113815,2594.456054,62.408920,165.561767,-1,-1 
555,-198.244598,2595.026123,62.388038,181.996459,-1,-1 
411,-538.654479,2604.167480,53.142246,92.647018,-1,-1 
520,-513.849121,2631.550781,54.346332,279.054077,-1,-1 
469,-515.094726,2612.778320,53.429466,280.730987,-1,-1 
522,-784.589050,2754.016845,45.215160,78.505851,-1,-1 
415,-764.554260,2759.817626,45.545967,353.056579,-1,-1 
556,-798.389343,2719.093750,46.021942,283.725677,-1,-1 
447,-929.902954,2662.692138,41.417411,127.813323,-1,-1 
493,-924.629821,2650.566406,40.485443,141.202117,-1,-1 
452,-914.473205,2660.166503,40.156883,131.060791,-1,-1 
522,-1519.776855,2684.518554,55.327812,285.149261,-1,-1 
522,-1516.710693,2685.433593,55.325428,285.149261,-1,-1 
522,-1512.738891,2685.222656,55.331958,285.149261,-1,-1 
494,-1407.951049,2659.541503,55.583038,267.355468,-1,-1 
429,-1408.441650,2654.630859,55.367172,283.038024,-1,-1 
541,-1408.303100,2649.589843,55.312305,276.823120,-1,-1 
494,-2403.989990,-585.333862,132.543579,291.589935,-1,-1 
411,-2400.246337,-589.757446,132.375518,299.744537,-1,-1 
429,-2393.330322,-599.029174,132.328125,299.744537,-1,-1 
420,-2560.363525,1381.053833,6.967488,251.886672,-1,-1 
420,-2479.179687,1204.392089,35.491355,251.886672,-1,-1 
420,-2757.911621,775.454040,54.109191,251.886672,-1,-1 
420,-2867.233154,445.315399,4.587344,189.087005,-1,-1 
420,-2878.336669,441.927825,4.722222,189.087005,-1,-1 
420,-2883.778076,444.278289,4.723332,189.087005,-1,-1 
437,-2904.927246,505.129211,5.047563,267.033264,-1,-1 
437,-2904.969726,490.651550,5.046543,267.033264,-1,-1 
420,-2816.425537,118.187522,6.908025,201.926345,-1,-1 
420,-2667.284179,-263.705749,6.900543,201.926345,-1,-1 
420,-2304.388916,-155.578445,35.052295,201.926345,-1,-1 
420,-2311.912353,-155.817474,35.061302,201.926345,-1,-1 
420,-2140.185058,-77.224540,35.049163,201.926345,-1,-1 
420,-1987.656005,171.463912,27.263898,201.926345,-1,-1 
420,-1987.592163,186.317245,27.347053,201.926345,-1,-1 
420,-2260.133544,263.346954,35.051128,201.926345,-1,-1 
420,-2240.741943,528.795898,34.902305,201.926345,-1,-1 
431,-2244.563720,524.848937,35.273357,4.050074,-1,-1 
420,-1828.817626,594.766906,34.950496,332.276733,-1,-1 
420,-1493.617919,788.566955,6.964328,332.276733,-1,-1 
420,-1490.481201,785.360534,6.962501,332.276733,-1,-1 
420,-1490.382202,781.972534,6.962205,332.276733,-1,-1 
420,-1491.026367,777.899108,6.962905,332.276733,-1,-1 
420,-1489.160034,772.892822,6.960481,332.276733,-1,-1 
420,-1489.224487,767.186462,6.960321,332.276733,-1,-1 
431,-1505.410644,685.335876,7.287843,85.495002,-1,-1 
431,-1512.167602,683.111450,7.285481,85.495002,-1,-1 
431,-1498.336059,682.881530,7.286843,85.495002,-1,-1 
431,-1489.952758,683.273437,7.283081,85.495002,-1,-1 
420,-1656.858398,451.613037,6.960079,101.806007,-1,-1 
420,-1842.269287,113.398704,14.896717,101.806007,-1,-1 
420,-1846.200683,113.268180,14.896309,101.806007,-1,-1 
420,-1792.754272,-246.206344,18.222637,101.806007,-1,-1 
431,-1993.561645,146.993972,27.559122,218.940124,-1,-1 
431,-1980.468383,446.228088,35.229801,218.940124,-1,-1 
431,-1980.000122,438.524200,35.212810,218.940124,-1,-1 
431,-1979.348266,421.088195,35.272499,86.072418,-1,-1 
431,-1979.512573,426.635345,35.270771,86.072418,-1,-1 
431,-1892.948242,1381.796508,7.272747,156.322280,-1,-1 
431,-2083.651123,1393.409301,7.199198,156.322280,-1,-1 
431,-2090.234619,1393.115234,7.198422,156.322280,-1,-1 
431,-2602.352539,1381.522583,7.266215,156.322280,-1,-1 
431,-2659.371093,2284.470458,24.772426,156.322280,-1,-1 
420,1720.222778,1489.193847,10.523020,169.387619,-1,-1 
420,2039.530395,1495.283569,10.450015,169.387619,-1,-1 
420,2081.675537,1682.102050,10.597458,169.387619,-1,-1 
420,2171.568603,1993.129882,10.599315,169.387619,-1,-1 
420,2103.808837,2083.447753,10.598352,169.387619,-1,-1 
420,2103.375000,2074.742919,10.599685,169.387619,-1,-1 
420,2036.392456,2488.886474,10.598941,169.387619,-1,-1 
420,2104.419677,2655.423828,10.596163,169.387619,-1,-1 
420,1341.304809,2646.880371,10.599781,169.387619,-1,-1 
420,1331.103759,2648.305908,10.599112,169.387619,-1,-1 
420,1318.677490,2648.390625,10.600730,169.387619,-1,-1 
420,1314.093627,2649.666748,10.599252,169.387619,-1,-1 
431,1270.902587,2651.916259,10.917914,177.199050,-1,-1 
431,1280.094360,2651.068847,10.921343,177.199050,-1,-1 
431,1238.437988,1996.343627,7.235556,152.192184,-1,-1 
431,1741.543945,1869.651855,10.917092,152.192184,-1,-1 
431,1740.946411,1857.000122,10.920402,152.192184,-1,-1 
431,1725.092285,1366.072998,10.605605,152.192184,-1,-1 
431,1728.632568,1345.241333,10.600306,152.192184,-1,-1 
431,1646.861328,1287.591552,10.922129,152.192184,-1,-1 
431,2080.676757,1345.492431,10.912704,152.192184,-1,-1 
431,2469.908691,1339.881469,10.923450,152.192184,-1,-1 
411,290.032379,-1175.493286,80.641143,274.936248,-1,-1 
416,-2653.6528,595.4681,14.1802,273.4723,-1,-1
416,-2632.8835,595.1485,14.1802,276.5072,-1,-1
411,-2589.5642,632.4312,14.1802,273.5901,-1,-1
562,-2542.9248,604.5309,14.1802,91.8667,-1,-1
416,-2674.4385,593.1168,14.1804,273.8172,-1,-1
541,-2667.3308,988.4420,64.5246,2.2853,-1,-1
601,-1612.5135,749.0645,-5.4836,181.3202,-1,-1
601,-1616.7174,651.8099,6.9463,1.7695,-1,-1
427,-1598.9745,651.7614,7.3194,358.6466,-1,-1
490,-1587.9879,673.8334,7.3145,179.7983,-1,-1
490,-1581.6614,651.9380,7.3169,1.1274,-1,-1
415,-2661.0120,988.6339,64.7401,359.9453,-1,-1
415,-2652.3237,854.2040,63.7831,355.9345,-1,-1
481,-2675.3743,936.3604,78.0560,270.2083,-1,-1
411,-2680.0449,867.9384,76.1545,4.5891,-1,-1
451,-2664.6418,913.5606,79.3801,179.6254,-1,-1
411,-2721.8882,915.9191,67.3208,103.3444,-1,-1
506,-2676.9624,906.3179,79.3118,264.7799,-1,-1
447,-1477.0332,357.1730,54.6057,271.2827,-1,-1
425,-2671.1372,1353.4910,17.1744,272.2501,-1,-1
487,-2647.9312,1402.5247,24.9422,248.6415,-1,-1
415,-2252.8276,2285.2219,4.8202,90.7733,-1,-1
451,-2271.7480,2297.3911,4.8202,270.8565,-1,-1
562,-2252.5969,2290.9824,4.8202,85.6504,-1,-1
405,-1304.1517,2528.5356,87.6315,181.3323,-1,-1
411,-2691.1743,220.3039,4.1797,89.5966,-1,-1
415,-1989.8328,258.8502,34.9497,268.1773,-1,-1
411,-1266.4242,2525.7771,89.4997,106.5754,-1,-1
424,-2236.2820,-1724.1927,480.8605,10.4293,-1,-1
424,-488.3469,-174.9918,78.2109,175.4913,-1,-1
424,-2653.9656,-2418.3093,2.6874,101.4916,-1,-1
424,-2654.8750,-2413.8379,2.6877,101.4914,-1,-1
559,-1287.0046,2514.1675,86.7848,179.9851,-1,-1
559,-2134.4265,946.1021,79.5791,356.7817,-1,-1
444,-2247.1477,-1727.6178,480.2036,38.2774,-1,-1
444,-557.6980,-177.3288,78.4063,169.0153,-1,-1
444,-1321.4635,2513.2258,92.5406,180.9954,-1,-1
446,-2244.3376,2435.2117,-0.5616,227.1463,-1,-1
446,-2218.8831,2405.2954,-0.5339,45.1995,-1,-1
451,-2047.5374,901.2433,53.6883,8.7998,-1,-1
451,-1945.8147,257.9550,40.7542,88.5571,-1,-1
451,-345.9050,1515.0657,75.1318,358.8066,-1,-1
451,-333.4294,1515.0460,75.1313,1.3186,-1,-1
522,-2079.4136,901.8524,64.1328,1.9898,-1,-1
522,-473.0953,-175.8979,78.2109,180.0741,-1,-1
468,-2243.3403,-1745.0731,480.1822,11.6067,-1,-1
468,-2244.4622,-1739.6124,479.7912,11.6067,-1,-1
468,-2654.0969,-2419.7952,2.5891,106.693,-1,-1
468,-2652.5967,-2424.7976,2.5885,106.6923,-1,-1
470,-1857.3772,-1616.0371,21.8090,181.0974,-1,-1
470,-2271.9880,2285.2322,4.8202,276.4501,-1,-1
470,-500.7715,-200.4563,78.4063,18.7517,-1,-1
471,-2241.2891,-1738.7552,480.0252,19.2248,-1,-1
471,-564.0124,-198.6842,78.5869,1.2558,-1,-1
487,-1303.4076,2541.8,93.3047,181.9564,-1,-1
506,-339.8088,1514.8138,75.1312,359.8656,-1,-1
507,-2736.9631,-294.5043,7.0010,229.3018,-1,-1
507,-1308.3707,2542.2786,87.7422,185.949,-1,-1
520,-2227.4072,2326.7725,7.5469,94.0051,-1,-1
521,-1969.1692,304.1157,36.1719,79.3382,-1,-1
521,-2136.9282,932.2380,79.8516,1.2085,-1,-1
521,-2272.1670,2291.3350,4.8202,266.2305,-1,-1
522,-1702.4731,71.8880,9.5940,315.7556,-1,-1
522,-1622.2825,-49.7379,3.5638,47.6917,-1,-1
522,-1533.1570,113.2838,17.3281,130.9336,-1,-1
522,-1585.6379,144.1861,3.7169,39.9833,-1,-1
522,-1739.4352,37.0431,7.1512,272.7602,-1,-1
522,-1991.8035,253.4991,34.7501,266.6078,-1,-1
539,-2237.4849,-1714.5706,480.8717,8.4956,-1,-1
539,-2236.8608,-1718.7449,480.8733,4.44,-1,-1
451,-2750.0332,-296.7870,7.0391,359.7908,-1,-1
541,-2105.4585,893.4119,74.7031,358.1261,-1,-1
451,-2747.0229,-306.4174,7.0391,51.1989,-1,-1
559,-1821.7633,-1613.2203,23.0156,194.1226,-1,-1
559,-2703.7295,200.9682,4.1797,359.6772,-1,-1
559,-1989.1759,243.6824,35.1719,272.5235,-1,-1
559,-2252.7041,2297.0837,4.8125,85.1043,-1,-1
560,-2708.9094,232.6039,4.1797,178.0429,-1,-1
560,-336.7014,1515.0159,75.1313,1.2439,-1,-1
562,-2743.9207,-303.1422,7.0174,44.4726,-1,-1
562,-1988.2018,304.3466,36.1794,259.9987,-1,-1
562,-2709.1716,212.8635,4.1797,185.5438,-1,-1
562,-342.8802,1515.2021,75.1318,358.7833,-1,-1
565,-2703.7358,234.0788,4.1797,178.7202,-1,-1
567,786.0021,-489.2645,15.2195,356.8713,-1,-1
568,-2235.1560,-1730.3127,480.8531,10.4293,-1,-1
568,-2657.6335,-2400.4102,2.8172,95.5103,-1,-1
568,-2654.9648,-2415.0906,2.3928,94.0645,-1,-1
477,-2755.2151,-311.1110,7.0391,9.5682,-1,-1
587,-2068.8235,964.7271,60.9262,191.7439,-1,-1
411,-1954.7201,1338.7400,6.9150,269.8037,-1,-1
559,-2272.0962,1355.4470,6.9158,73.5896,-1,-1
451,-2512.3196,1205.3988,37.1283,270.2101,-1,-1
522,-2791.1389,981.6252,50.0555,27.0045,-1,-1
411,-2662.1809,630.6546,14.2241,267.8837,-1,-1
415,-2433.9585,744.5742,34.7679,79.8409,-1,-1
567,-2532.9138,358.5529,19.9271,179.0177,-1,-1
541,-2494.2144,-16.4806,25.5367,182.2214,-1,-1
451,-2796.0425,-92.2779,6.9580,89.2914,-1,-1
558,-2244.5911,-98.6327,35.0913,1.1431,-1,-1
562,-2502.3477,-601.9897,132.3348,178.8116,-1,-1
559,-2084.1614,61.9760,34.1461,91.3935,-1,-1
411,-1942.0991,487.8265,31.7413,91.9006,-1,-1
415,-1885.4987,826.2090,34.9446,320.0322,-1,-1
522,-1671.7183,403.9883,6.9516,136.701,-1,-1
562,-1501.4303,920.4661,6.9595,359.7084,-1,-1
444,-1772.1333,1205.4357,25.4959,206.7657,-1,-1
470,-2365.2205,1004.9041,50.4741,170.8912,-1,-1
451,-2249.6162,671.5038,49.0664,1.0118,-1,-1
521,-2413.1394,330.6846,34.7442,148.4232,-1,-1
470,-1110.9086,-1637.0076,76.3604,268.1148,-1,-1
432,-1110.3884,-1621.1957,76.3599,268.1147,-1,-1
415,-1101.1594,-1630.5085,76.3296,90.9229,-1,-1
468,-1098.0170,-1663.5310,76.0382,349.3529,-1,-1
405,-1085.8618,-1619.6393,76.0357,182.3734,-1,-1
411,-1657.6346,1214.0313,7.0241,309.3672,-1,-1
415,-1666.0741,1221.0962,13.4444,250.434,-1,-1
451,-1661.1064,1210.1271,13.4547,292.6258,-1,-1
522,-1651.0096,1205.6049,20.9381,253.2666,-1,-1
522,-1661.2876,1216.6512,20.9128,334.8425,-1,-1
515,-2495.4114,255.6847,36.1914,269.4685,-1,-1
424,-1656.6226,1212.1147,20.9377,294.9032,-1,-1
424,-1647.1611,1207.6357,20.9726,249.4393,-1,-1
559,-2697.4346,1367.5547,16.9650,180.9779,-1,-1
451,-2646.7986,1354.7396,6.8783,180.9896,-1,-1
522,-2688.0439,205.9044,3.9158,358.0469,-1,-1
556,-2491.2454,1214.3182,38.0069,143.136,-1,-1
556,-2498.7019,1218.8386,38.0002,320.9645,-1,-1
477,-2632.1758,1330.8818,6.9493,271.5718,-1,-1
477,-2644.8826,1338.9779,6.9180,330.5948,-1,-1
411,-2644.5115,1379.5635,6.9651,91.5963,-1,-1
409,-2621.3679,1337.4874,6.9951,313.7212,-1,-1
409,-2598.8127,1354.3470,6.8914,236.0988,-1,-1
451,-2150.3044,658.9729,52.4382,0.1325,-1,-1
451,-2125.4902,657.3282,52.2070,84.1679,-1,-1
451,-2126.2554,649.8426,52.1908,84.1687,-1,-1
451,-2135.8274,633.5853,52.0881,180.0553,-1,-1
522,-2152.8953,640.5824,51.9376,270.5236,-1,-1
522,-2152.9143,642.6978,51.9376,270.5237,-1,-1
522,-2152.9333,644.8129,51.9376,270.5237,-1,-1
541,-2164.6772,660.1553,60.3202,272.1321,-1,-1
487,-1217.4595,-15.7898,14.1763,0.0763,-1,-1
487,-1202.4211,-1.7025,14.3083,0.0763,-1,-1
487,-1170.3536,34.2232,14.3252,0.0911,-1,-1
513,-1466.8154,-519.4036,14.7231,235.8817,-1,-1
513,-1429.4215,-504.4780,14.7366,176.0148,-1,-1
477,-1945.3999,273.2839,40.3427,88.804,-1,-1
506,-1945.3353,269.3972,40.3407,90.6095,-1,-1
541,-1945.4299,260.8985,40.3356,89.2809,-1,-1
559,-1945.8987,255.0587,40.3371,89.3658,-1,-1
405,-1955.0566,305.0432,40.3371,90.6156,-1,-1
411,-1954.1021,299.8945,40.3351,90.2938,-1,-1
415,-1954.1477,294.9549,40.3353,89.7457,-1,-1
429,-1954.0110,290.7222,40.3387,88.9322,-1,-1
475,-1957.1311,285.7732,35.3396,90.4374,-1,-1
477,-1955.6929,281.8165,35.3000,89.7357,-1,-1
506,-1955.8882,277.1920,35.3000,89.9642,-1,-1
593,-1315.6698,-273.4651,14.6055,3.0874,-1,-1
593,-1334.0336,-277.9224,14.6057,0.3802,-1,-1
593,-1353.0640,-269.7730,14.6404,312.9902,-1,-1
411,-1388.1222,-245.2673,13.8732,354.8541,-1,-1
411,-1379.5950,-248.1002,13.8714,323.6971,-1,-1
493,-1476.9966,692.2034,-0.3320,179.4663,-1,-1
490,-1573.8690,706.1183,-5.1148,90.4828,-1,-1
490,-1573.9437,709.7645,-5.1138,91.0168,-1,-1
490,-1573.8345,713.9033,-5.1146,92.0823,-1,-1
490,-1573.9185,718.1544,-5.1135,89.6855,-1,-1
523,-1640.4521,694.4510,-5.6718,222.025,-1,-1
523,-1637.4004,696.3330,-5.5758,222.7802,-1,-1
523,-1642.3473,691.3362,-5.6730,231.3749,-1,-1
433,-1360.6459,455.5932,7.0668,44.9871,-1,-1
451,-1369.2474,452.7523,6.9,273.9458,-1,-1
477,-1387.7605,455.2076,6.9308,5.4355,-1,-1
402,-1393.0094,454.6693,6.8854,2.5754,-1,-1
433,-1407.1599,457.7941,7.8070,0.376,-1,-1
592,-1639.4169,-147.6004,15.3440,315.6016,-1,-1
469,-1434.7238,-951.1201,201.0333,271.6258,-1,-1
476,-1352.5894,-471.7502,14.8888,185.2331,-1,-1
476,-1370.0782,-477.6608,14.8932,200.1253,-1,-1
476,-1390.6306,-485.0246,14.9146,227.2599,-1,-1
568,-1852.4655,155.1076,16.3347,172.1547,-1,-1
568,-1855.0499,155.4595,16.3143,172.494,-1,-1
568,-1857.6713,155.9091,16.3127,172.0487,-1,-1
535,-1861.2426,131.7862,14.8880,306.3639,-1,-1
535,-1861.6567,126.8863,14.8657,309.3829,-1,-1
535,-1851.2207,113.7778,14.9522,1.3342,-1,-1
567,-1854.9225,113.5595,14.9940,359.7545,-1,-1
567,-1835.7059,113.2843,14.8431,0.6596,-1,-1
567,-1831.7031,113.2726,14.8430,1.1495,-1,-1
469,-1838.0574,65.3119,45.8808,184.6405,-1,-1
597,-1594.2003,673.4669,6.9568,178.3349,-1,-1
597,-1587.3134,651.5364,6.9582,355.2948,-1,-1
597,-1605.0876,651.8231,6.9571,358.2576,-1,-1
597,-1628.0483,650.5803,6.9590,0.1257,-1,-1
597,-1640.2704,666.1199,-5.4811,91.1522,-1,-1
597,-1616.5471,675.6236,7.3209,2.4888,-1,-1
469,-1457.6823,507.6632,18.9785,268.7628,-1,-1
451,-2128.6519,-261.6277,35.0262,359.4464,-1,-1
451,-2132.4678,-261.5417,35.0280,354.7209,-1,-1
522,-2134.2356,-249.5907,35.2148,89.9389,-1,-1
522,-2134.0610,-246.5149,35.1495,85.4465,-1,-1
463,-2115.6045,-270.6928,34.8605,187.6834,-1,-1
463,-2114.1792,-270.6950,34.8558,195.0268,-1,-1
468,-2119.7617,-266.4388,34.9895,268.6905,-1,-1
470,-2100.5608,-250.5921,35.3128,271.4049,-1,-1
411,-2062.7561,-286.3202,35.5180,111.7184,-1,-1
541,-2019.3654,-96.8552,34.7919,0.0014,-1,-1
587,-2652.9031,-297.2605,8.0617,315.6009,-1,-1
558,-2617.2712,1372.4309,6.7215,184.2817,-1,-1
451,-2645.5964,1376.7522,7.8935,267.8349,-1,-1
451,-2125.8289,653.7874,52.2422,85.7769,-1,-1
522,-2223.2629,1083.2794,80.7819,359.67,-1,-1
565,-2517.2996,1229.3512,38.7999,209.3221,-1,-1
567,-1654.1005,1211.9901,14.2380,315.9562,-1,-1
477,-1652.6592,1210.9818,7.0041,269.4780,-1,-1
558,-1497.4607,845.8477,7.9671,88.5197,-1,-1
602,-1699.4597,1035.9624,46.0932,91.6588,-1,-1
541,-1786.6871,1206.5266,25.7813,178.8742,-1,-1
482,-2438.0117,1340.9783,8.7316,86.7979,-1,-1
451,-2166.5498,1251.0760,28.2782,1.603,-1,-1
562,-2636.3838,932.3286,72.5378,187.1212,-1,-1
411,-2464.8860,896.7036,63.6223,0.6326,-1,-1
400,-2459.9055,786.4501,36.2643,89.8722,-1,-1
451,-2673.5830,802.1517,51.0693,0.3607,-1,-1
446,-2970.6746,497.2838,1.3557,4.0073,-1,-1
559,-2902.7820,342.5712,6.3723,138.7612,-1,-1
477,-1382.4279,455.8060,7.1838,359.9849,-1,-1
402,-1465.0304,455.6730,7.9280,358.9676,-1,-1
519,-1275.7295,-621.8611,15.0705,327.7567,-1,-1
519,-1317.8910,-260.4665,16.4827,288.2876,-1,-1
593,-1362.9397,-183.5522,16.4848,308.6994,-1,-1
487,-1222.7996,-10.4235,15.1594,45.578,-1,-1
475,-1872.5575,-820.7949,32.8273,90.7921,-1,-1
506,-1898.3019,-915.5814,33.3947,91.2857,-1,-1
451,-2124.4800,-929.0856,32.7397,269.1853,-1,-1
559,-2134.1428,-453.9576,36.1699,95.0875,-1,-1
451,-2035.6851,170.2529,29.4610,268.9087,-1,-1
470,-2352.0959,-126.8848,35.9374,179.5324,-1,-1
451,-2180.1277,41.8536,36.1953,269.9865,-1,-1
451,-2269.4526,69.5823,35.7279,89.6104,-1,-1
415,-2118.1094,813.9071,69.2555,267.2218,-1,-1
477,-2424.9958,740.8871,35.8205,177.6701,-1,-1
559,-2545.7666,627.5895,15.1684,89.1952,-1,-1
451,-2498.4822,357.5526,35.7969,58.0823,-1,-1
451,-2661.7651,268.6204,4.0421,359.5846,-1,-1
522,-2626.5276,-53.6779,5.1144,357.7703,-1,-1
559,-2487.5295,-125.3075,26.5715,90.9363,-1,-1
451,-2486.0298,51.5018,27.7954,177.2178,-1,-1
587,-2574.9736,146.5981,5.4279,1.879,-1,-1
558,-1741.0009,811.0599,25.5879,270.6703,-1,-1
451,-1920.7559,875.2713,36.1113,270.0973,-1,-1
420,-2040.4465,1107.7076,54.4032,89.8491,-1,-1
405,-1968.8488,465.6065,36.2766,89.3124,-1,-1
451,-1825.2035,-0.4858,15.8965,270.0104,-1,-1
451,-1687.9076,1003.5587,18.2656,91.3972,-1,-1
567,-2782.3508,442.1533,5.5383,57.1401,-1,-1
567,-2836.3665,865.6495,44.1470,268.7662,-1,-1
558,-2899.3823,1112.4786,27.3954,268.9744,-1,-1
602,-2618.7363,627.2617,15.6024,179.6464,-1,-1
541,-2151.4924,428.9210,35.1902,176.6156,-1,-1
482,-2641.7395,1333.0645,6.8700,356.7557,-1,-1
507,-2129.8242,288.0418,34.9864,269.9582,-1,-1
562,-2664.0950,-259.9579,6.5482,74.4868,-1,-1
597,-1600.0433,673.7126,6.9558,181.755,-1,-1
597,-1584.1769,749.3150,-5.4735,1.1909,-1,-1
411,-1231.5951,48.1695,13.7616,229.8069,-1,-1
420,-1425.8613,-294.0004,13.5707,54.8251,-1,-1
400,-2147.9944,-406.9189,35.0502,43.5458,-1,-1
415,-2899.9167,1120.5756,26.0767,270.8206,-1,-1
559,-1852.7903,569.7672,34.9839,223.2814,-1,-1
493,-1476.2301,691.7451,-0.4462,356.6588,-1,-1
420,-1393.3545,-336.3529,13.8505,24.0909,-1,-1
602,-2330.9387,558.7618,29.3441,270.7266,-1,-1
402,-2480.8093,1069.6036,55.6982,180.6722,-1,-1
411,-1946.0438,265.4901,41.0003,90.7317,-1,-1
475,-1722.1432,1345.3258,6.9462,45.2691,-1,-1
560,-2796.0449,88.3034,6.8933,91.3375,-1,-1
420,-1384.6299,-375.4851,13.8536,4.7845,-1,-1
402,-2248.0791,336.6792,34.3907,6.0747,-1,-1
471,-1849.9697,579.5735,34.6755,191.0737,-1,-1
471,-1847.2742,616.5053,34.6538,99.5473,-1,-1
471,-1886.6931,616.4269,34.6435,106.8854,-1,-1
471,-1725.3540,596.9860,24.3769,351.3364,-1,-1
446,-1469.0970,1468.1393,-0.9598,283.2957,-1,-1
446,-1396.2950,1468.5009,-0.3001,249.5674,-1,-1
493,-1346.2898,1480.2726,0.0728,323.8238,-1,-1
520,-1615.1797,-314.4653,14.8717,43.2734,-1,-1
520,-1598.0720,-296.8032,14.8717,42.3004,-1,-1
571,2633.9290,1181.9395,10.3850,92.2699,-1,-1
571,2634.0754,1178.2538,10.3850,92.27,-1,-1
571,2634.3127,1172.2518,10.3850,92.2701,-1,-1
571,2634.5212,1167.0084,10.3850,92.2701,-1,-1
571,2642.1160,1167.3088,10.3871,92.2701,-1,-1
571,2641.9551,1171.3579,10.3869,92.2701,-1,-1
571,2641.7769,1175.8441,10.3869,92.2701,-1,-1
571,2641.5735,1180.9680,10.3869,92.2701,-1,-1
571,2650.6072,1181.7421,10.3664,92.2701,-1,-1
571,2650.7231,1178.8152,10.3664,92.2701,-1,-1
571,2650.9070,1174.1827,10.3664,92.2701,-1,-1
539,-2334.1843,-1599.4349,483.1849,238.1854,-1,-1
539,-2332.2144,-1596.2599,483.1716,238.1854,-1,-1
539,-2328.9441,-1590.9890,483.1533,238.1854,-1,-1
539,-2343.1301,-1613.8528,483.2307,238.1854,-1,-1
539,-2334.8540,-1618.9874,483.1742,238.1854,-1,-1
539,-2332.7031,-1615.5210,483.1624,238.1854,-1,-1
539,-2329.1008,-1609.7147,483.1443,238.1854,-1,-1
539,-2325.5359,-1603.9688,483.1245,238.1854,-1,-1
471,1563.9927,17.2848,23.6451,191.9008,-1,-1
471,1562.0315,16.8715,23.6450,191.9008,-1,-1
471,1560.7883,16.6095,23.6450,191.9008,-1,-1
471,1558.9490,16.2218,23.6450,191.9008,-1,-1
471,1556.0356,15.6079,23.6450,191.9008,-1,-1
471,1555.2804,19.1916,23.6934,191.9009,-1,-1
471,1557.1917,19.5944,23.6934,191.9009,-1,-1
471,1558.8153,19.9366,23.6934,191.9009,-1,-1
471,1560.6317,20.3194,23.6934,191.9009,-1,-1
471,1562.5433,20.7223,23.6934,191.9008,-1,-1
471,1559.6344,25.0527,23.6228,191.9008,-1,-1
477,1920.6417,964.2783,10.9440,89.7711,-1,-1
409,976.0334,-669.4716,120.9437,301.611,-1,-1
477,2298.7476,1566.9519,10.9462,180.8493,-1,-1
409,2168.4163,1683.0472,10.6207,7.5586,-1,-1
409,2167.8572,1672.6106,10.6220,342.3914,-1,-1
409,304.1468,-1163.1853,80.7106,223.9524,-1,-1
451,2263.9753,2430.4702,-7.8282,358.1498,-1,-1
451,2272.7852,2430.7451,-7.8280,358.1498,-1,-1
577,1838.0181,-2423.8049,13.4708,142.8575,-1,-1
577,1585.5986,1190.2456,10.7286,180.1558,-1,-1
577,-1253.9702,-20.5812,14.0642,93.9676,-1,-1
411,1464.9119,2773.7285,10.3990,359.8992,-1,-1
561,1977.9839,2657.6638,10.6410,180.832,-1,-1
480,1960.3917,2755.6880,10.5932,181.9201,-1,-1
541,2059.0203,2730.9084,10.4454,180.7771,-1,-1
421,1595.2922,2808.1826,10.7028,0.1646,-1,-1
429,1657.5507,2835.3894,10.5000,181.2647,-1,-1
434,1650.6552,2746.9497,10.7958,179.0845,-1,-1
522,1638.1962,2575.7852,10.3993,28.6115,-1,-1
405,1282.1233,2573.3083,10.6953,269.7541,-1,-1
405,984.3504,1744.3928,8.5276,270.9907,-1,-1
560,984.3094,1738.1862,8.3573,269.5801,-1,-1
522,1032.5294,1839.8151,11.0306,268.0209,-1,-1
545,992.3167,1886.1399,11.0168,267.7288,-1,-1
434,1165.6533,2096.0063,10.7879,180.9686,-1,-1
521,1133.3789,1896.3176,10.3919,83.3056,-1,-1
475,1132.4401,1926.0272,10.6224,89.3929,-1,-1
561,1372.2944,1937.6747,11.0311,268.6575,-1,-1
463,1472.7196,1927.5532,10.7455,83.2741,-1,-1
565,1521.0657,1998.7345,10.4426,178.4989,-1,-1
567,1543.4987,2131.8120,11.2308,91.0327,-1,-1
443,1594.9929,2186.3948,11.4548,269.8246,-1,-1
522,1613.3162,2207.1333,10.3896,268.6485,-1,-1
415,1602.5441,2086.8467,10.9680,268.053,-1,-1
562,1685.3331,2191.4941,10.4791,269.831,-1,-1
558,1912.6658,2120.4172,10.4505,91.4711,-1,-1
429,1907.0883,2080.6199,10.5016,268.9371,-1,-1
522,1907.9320,2075.9072,10.3841,267.9874,-1,-1
560,2009.0155,2475.7112,10.5256,269.9114,-1,-1
487,2092.6572,2415.2773,74.7654,268.445,-1,-1
598,2251.7966,2477.4321,10.5663,180.5474,-1,-1
523,2269.2354,2477.0608,10.3882,176.8812,-1,-1
523,2273.4016,2477.1033,10.3891,179.6992,-1,-1
598,2290.9233,2477.4590,10.5668,179.1531,-1,-1
598,2269.2759,2443.1265,10.5689,0.2058,-1,-1
523,2290.8513,2442.7229,10.3900,0.438,-1,-1
523,2263.9290,2431.2693,2.8442,1.9574,-1,-1
598,2272.7869,2431.1406,3.0197,359.5931,-1,-1
405,2511.9158,2374.5215,10.6953,271.0741,-1,-1
421,2582.4771,2267.8779,10.7028,271.1774,-1,-1
434,2592.4980,2275.2625,10.7849,89.9366,-1,-1
541,2360.4941,2196.8013,10.3090,359.5612,-1,-1
451,2496.8530,2131.4006,10.4503,88.8332,-1,-1
565,2603.9468,2139.6470,10.4436,270.3661,-1,-1
545,2613.4038,2099.7717,10.6273,359.926,-1,-1
415,2587.6123,1967.0841,10.5914,179.2745,-1,-1
411,2103.4971,2056.3457,10.5474,270.2649,-1,-1
567,2103.1704,2039.7742,10.6854,270.0377,-1,-1
535,2171.1963,2000.6390,10.5834,90.7606,-1,-1
541,2186.5881,1979.1786,10.4465,270.7768,-1,-1
451,2127.8879,2356.8418,10.3785,271.2029,-1,-1
522,2154.8831,2187.0728,10.7642,178.4291,-1,-1
421,2034.7388,1922.8392,12.0606,178.771,-1,-1
506,2163.6624,1800.2600,10.5247,358.6726,-1,-1
451,2211.2493,1838.7480,10.5283,180.7583,-1,-1
400,2184.9307,1855.6844,10.9141,180.8331,-1,-1
475,2039.8293,1598.9681,10.4769,179.952,-1,-1
541,2039.7831,1515.1478,10.2969,180.2525,-1,-1
480,2136.0557,1397.9711,10.5946,0.0808,-1,-1
522,2139.0811,1408.8306,10.3870,184.2194,-1,-1
405,2103.9412,1408.7858,10.6965,179.2218,-1,-1
421,2040.0330,1330.2434,10.5544,180.1878,-1,-1
561,2039.8688,1128.7844,10.4853,179.8637,-1,-1
480,2074.8240,1008.6550,10.4442,358.3198,-1,-1
522,2132.1016,986.9740,10.3865,176.3696,-1,-1
522,2129.0042,987.0283,10.3807,178.9287,-1,-1
567,2132.4739,1013.0201,10.6923,268.8758,-1,-1
411,2142.2119,1019.3263,10.5483,90.4899,-1,-1
506,2162.9055,1025.7577,10.5262,89.8965,-1,-1
475,2115.4761,911.5577,10.6215,91.5913,-1,-1
451,2039.9551,937.4134,9.3428,179.731,-1,-1
522,2005.5536,1239.7672,10.3302,308.1699,-1,-1
482,2609.7375,1433.9945,10.9398,181.9168,-1,-1
434,2405.2878,1667.6499,10.7916,180.9429,-1,-1
560,2395.7649,1658.8044,10.5270,0.8503,-1,-1
451,2479.2456,1658.7715,10.5281,0.7615,-1,-1
567,2603.9336,1795.6671,10.6910,89.5675,-1,-1
411,2351.7439,1433.5945,10.5505,271.1658,-1,-1
559,2351.6943,1476.6534,10.4780,269.2504,-1,-1
535,2292.2148,1472.9073,15.0519,271.299,-1,-1
470,2353.3252,1430.1967,21.8992,269.1465,-1,-1
522,2352.7593,1469.4891,10.3872,268.3273,-1,-1
421,2182.4644,1285.1157,10.6239,179.3253,-1,-1
480,2373.6279,1708.2518,10.5147,88.9637,-1,-1
415,2444.6428,1266.9944,10.5922,358.9572,-1,-1
565,2458.5305,1357.7480,10.4438,358.9357,-1,-1
567,2442.2456,1335.6665,10.6932,90.6199,-1,-1
561,2640.1897,1114.3599,10.6342,87.6814,-1,-1
480,2501.2612,1208.6758,10.5939,359.9539,-1,-1
429,2392.9595,993.7718,10.5000,91.7214,-1,-1
522,2485.3403,936.8294,10.3920,352.4774,-1,-1
558,2460.3552,921.9429,10.4508,90.3145,-1,-1
463,2569.5938,1038.9706,10.3544,349.6521,-1,-1
521,2804.7852,1326.0862,10.3239,90.6217,-1,-1
545,2804.7751,1339.0635,10.5617,90.0819,-1,-1
400,2853.3447,1354.8958,10.9059,269.8884,-1,-1
475,2765.0881,1278.2692,10.5558,90.1357,-1,-1
535,2626.0701,746.7289,9.5852,1.5,-1,-1
562,2568.9976,746.3758,10.4799,0.8673,-1,-1
545,2049.0408,738.6982,11.0745,358.2963,-1,-1
405,2087.4722,767.8669,11.1356,180.1878,-1,-1
468,2130.5808,648.7647,10.1301,9,-1,-1
429,2263.3459,647.7778,10.8922,180.4328,-1,-1
463,2360.5015,687.6550,11.0005,358.8569,-1,-1
470,2442.6875,709.1329,11.2290,89.874,-1,-1
559,1932.4072,697.9367,10.9135,1.2176,-1,-1
482,1647.0278,746.2268,10.9379,359.5999,-1,-1
475,1451.8677,787.4940,10.9351,358.3996,-1,-1
400,1655.3875,1028.5929,10.9127,0.5995,-1,-1
470,1553.6073,1019.8732,10.8130,91.1245,-1,-1
482,1425.0251,1066.7305,10.4366,91.4605,-1,-1
487,1601.6499,1627.3640,10.9989,203.7898,-1,-1
487,1630.7175,1536.9312,10.9760,0.0009,-1,-1
487,1666.0521,1632.2396,11.0244,226.121,-1,-1
593,1556.7837,1469.9139,11.2863,89.6119,-1,-1
593,1556.7404,1490.5135,11.2914,90.7337,-1,-1
476,1283.0006,1324.8849,9.5332,275.0468,-1,-1
476,1283.5107,1361.3171,9.5382,271.1684,-1,-1
476,1283.6847,1386.5137,11.5300,272.1003,-1,-1
476,1288.0499,1403.6605,11.5295,243.5028,-1,-1
420,1692.2118,1316.2404,10.8254,0.1318,-1,-1
420,1669.8727,1287.0087,10.8264,179.1879,-1,-1
420,1669.7830,1306.4453,10.8257,180.5129,-1,-1
420,1685.7094,1297.7819,10.5971,359.5703,-1,-1
420,1656.9625,1316.4486,10.6011,359.8242,-1,-1
420,1641.1725,1299.1936,10.5988,90.4988,-1,-1
468,618.5558,884.0322,-43.1185,60.7366,-1,-1
446,1618.6696,592.3465,-0.6024,179.0423,-1,-1
446,1637.7090,593.5861,-0.5096,180.0643,-1,-1
447,-350.5415,-413.3116,6.8884,257.0475,-1,-1
446,2344.8386,540.2310,-0.5675,181.2978,-1,-1
446,2303.6235,539.7185,-0.6380,181.293,-1,-1
446,2284.5420,539.3775,-0.5683,180.429,-1,-1
568,1544.4640,16.1206,24.0035,280.6194,-1,-1
571,-2440.6904,2243.1841,4.8438,180.201,-1,-1
571,-2443.6787,2243.1536,4.8438,180.201,-1,-1
571,-2446.6096,2243.1050,4.7758,180.201,-1,-1
571,-2449.8267,2243.0588,4.7759,180.201,-1,-1
571,-2452.8452,2243.1338,4.0594,180.201,-1,-1
470,-1609.6151,-2718.1558,48.5342,231.5696,-1,-1
468,-1557.7052,-2741.2961,48.2089,337.581,-1,-1
463,-1555.4904,-2743.1360,48.0808,334.7023,-1,-1
443,-1540.2059,-2747.8230,49.1720,170.2765,-1,-1
495,-2639.7834,-2259.0686,8.3627,122.0132,-1,-1
495,-2636.7153,-2263.3516,8.3947,126.0105,-1,-1
495,-2633.5925,-2267.8315,8.4314,124.748,-1,-1
593,-1419.1864,-951.2513,201.5534,0.2721,-1,-1
522,-2531.8560,-601.8262,132.1287,348.3372,-1,-1
415,-2528.1165,-602.0258,132.3341,0.0547,-1,-1
451,-2524.3589,-602.0073,132.2706,0.8348,-1,-1
429,-2520.5442,-601.9775,132.2428,1.1523,-1,-1
480,-2516.8877,-602.1099,132.3371,359.996,-1,-1
506,-2513.2051,-602.1282,132.2678,359.7968,-1,-1
411,-2509.4502,-602.6887,132.2896,359.6024,-1,-1
541,-2505.7559,-602.3135,132.1875,0.7726,-1,-1
407,-2021.9418,84.2080,28.2642,269.8905,-1,-1
407,-2021.7910,92.5963,28.2868,270.937,-1,-1
562,-1947.8015,263.5302,35.1296,83.835,-1,-1
559,-1988.6575,269.1683,34.8322,85.7853,-1,-1
522,-1987.1707,276.0967,34.7446,89.7834,-1,-1
506,-1986.8201,301.7560,34.8773,89.0623,-1,-1
593,-1357.7231,-225.5625,14.6049,314.2192,-1,-1
593,-1340.9133,-242.4454,14.6084,314.2594,-1,-1
437,-2899.4502,497.6130,4.9219,267.0314,-1,-1
495,-1567.1733,2639.1189,56.1110,267.1029,-1,-1
522,-1256.1470,2717.0349,49.6315,10.8651,-1,-1
522,-1258.8401,2715.5261,49.6300,10.4651,-1,-1
522,-1261.9171,2713.9377,49.6229,14.3367,-1,-1
447,-651.9423,951.1985,12.1222,268.3986,-1,-1
495,-684.3563,966.1020,12.4833,91.3615,-1,-1
539,-901.5374,2709.6006,41.7272,190.4259,-1,-1
539,-904.4120,2709.1414,41.7272,190.4259,-1,-1
539,-907.2866,2708.6822,41.7272,190.4259,-1,-1
539,-910.1612,2708.2230,41.7272,190.4259,-1,-1
539,-913.0358,2707.7638,41.7272,190.4259,-1,-1
495,-231.7425,2594.3213,63.0511,178.7868,-1,-1
437,-859.8746,1556.4474,24.1177,1.1274,-1,-1
400,-178.1895,1217.1228,19.8345,89.181,-1,-1
482,-177.9118,1225.3112,19.8652,90.8458,-1,-1
515,-306.4295,1115.7853,20.7603,178.5838,-1,-1
515,647.3869,1250.5055,12.5907,298.4191,-1,-1
515,641.4462,1263.1208,12.6676,268.5403,-1,-1
521,657.0055,1718.8425,6.5577,218.7423,-1,-1
522,654.7646,1717.0760,6.5618,209.9446,-1,-1
400,618.9962,1685.2792,7.0846,304.669,-1,-1
451,612.5034,1695.1780,6.7000,304.9998,-1,-1
443,598.6343,1653.1960,7.6265,64.2697,-1,-1
562,706.5347,1948.6503,5.1993,1.6575,-1,-1
521,701.0619,1948.9867,5.1081,355.1096,-1,-1
437,683.4955,1945.8807,5.6754,256.9583,-1,-1
468,432.9102,2537.1130,15.7590,142.1203,-1,-1
593,347.9816,2538.6733,17.2088,178.9511,-1,-1
476,290.8257,2540.9556,17.5273,181.2132,-1,-1
476,325.8478,2541.2153,17.5251,180.5804,-1,-1
470,278.8795,1949.0851,17.6328,297.8679,-1,-1
470,277.7540,1958.3246,17.6353,270.1597,-1,-1
568,276.5266,1982.7072,17.5037,295.7315,-1,-1
568,275.4705,1989.2720,17.5073,271.0313,-1,-1
568,276.6294,1995.8981,17.5063,262.8208,-1,-1
482,1110.1783,-306.5116,74.1180,87.9642,-1,-1
400,652.9937,-569.9136,16.4283,0.3351,-1,-1
522,668.2988,-461.4507,15.8993,270.4431,-1,-1
463,668.2633,-464.5114,15.8747,267.3629,-1,-1
468,668.3364,-467.6673,16.0030,269.4489,-1,-1
515,62.5290,-265.0077,2.5905,36.2068,-1,-1
515,49.6592,-242.8187,2.6026,305.9583,-1,-1
495,751.7941,276.5259,27.6877,194.4415,-1,-1
468,765.0355,377.6133,22.8654,345.1718,-1,-1
463,1289.9039,339.7356,19.0948,244.9244,-1,-1
463,1290.8905,341.7259,19.0938,244.8395,-1,-1
515,-56.8040,-1136.4802,2.1147,69.7494,-1,-1
541,1011.9688,-660.9052,120.7653,32.1414,-1,-1
411,1007.0956,-663.6238,120.8738,32.5321,-1,-1
522,1001.7659,-677.0204,120.7175,330.7499,-1,-1
429,298.5416,-1182.5927,80.5951,357.443,-1,-1
522,294.0222,-1179.8579,80.4783,352.6656,-1,-1
421,283.2916,-1160.5918,80.7961,224.3582,-1,-1
451,287.3322,-1156.2987,80.6187,224.2682,-1,-1
463,2135.8816,-1129.0271,25.1558,103.9032,-1,-1
545,2135.4683,-1133.3173,25.5013,53.9124,-1,-1
400,2135.4797,-1140.2880,25.4055,59.5536,-1,-1
475,2118.9385,-1145.9985,24.3498,306.6122,-1,-1
535,2119.6768,-1138.6453,24.8455,300.4818,-1,-1
567,2120.3372,-1131.3032,25.2190,316.5004,-1,-1
567,2767.9006,-1876.0645,9.6145,0,-1,-1
567,2772.7715,-1876.0645,9.6334,0,-1,-1
567,2777.8286,-1876.0645,9.6599,0,-1,-1
567,2782.9099,-1876.0645,9.6810,0,-1,-1
446,926.6152,-1905.3445,-0.5741,359.4543,-1,-1
446,914.3162,-1905.6047,-0.5741,359.4543,-1,-1
446,902.0172,-1905.8649,-0.5741,359.4543,-1,-1
446,889.7182,-1906.1251,-0.5741,359.4543,-1,-1
468,-261.8891,-2216.8667,28.3333,134.0421,-1,-1
568,-284.9293,-2169.6260,28.5094,189.506,-1,-1
495,-258.9196,-2182.2327,29.3668,24.2143,-1,-1
449,-2006.7773,193.2742,27.1640,181.8031,-1,-1
449,-2007.5125,176.1935,27.1640,176.3429,-1,-1
400,1518.5554,-2211.7327,13.3865,0.0964,-1,-1
506,2427.1221,-1011.4492,54.2175,12.3906,-1,-1
534,2810.5576,-1184.7960,25.1794,265.8969,-1,-1
547,2815.7502,-1465.8578,20.0878,93.1787,-1,-1
545,2802.9512,-1464.8899,16.0918,179.3748,-1,-1
576,2817.9226,-1454.1934,16.1277,87.79,-1,-1
567,2821.9177,-1557.6390,10.7986,91.0083,-1,-1
568,2787.5168,-1875.5958,9.7034,179.7597,-1,-1
503,2776.0989,-1840.7661,9.6524,200.7382,-1,-1
504,2676.7251,-1671.1772,9.2718,179.3051,-1,-1
517,2657.8186,-1692.0111,9.1904,269.2174,-1,-1
421,2809.1626,-1920.8265,12.3169,270.0476,-1,-1
419,2763.3843,-1957.7966,13.2903,180.2366,-1,-1
415,2742.1138,-1944.4767,13.2903,270.7851,-1,-1
411,2684.9004,-2019.1509,13.2822,358.1603,-1,-1
412,2718.5271,-2123.1406,10.6827,176.759,-1,-1
562,691.1594,-1570.8939,13.9796,179.8546,-1,-1
402,825.7332,-2010.5011,12.6040,322.1609,-1,-1
405,1083.9972,-1766.7174,13.1005,270.6353,-1,-1
404,892.5500,-1658.0021,13.2846,0.0891,-1,-1
410,953.4492,-1376.3829,13.0808,180.5207,-1,-1
412,913.4627,-1228.4243,16.7137,275.622,-1,-1
576,918.3737,-1204.3621,16.7205,356.7742,-1,-1
543,1227.1538,-916.8187,42.6404,10.227,-1,-1
526,1147.9607,-932.0447,42.9348,184.3511,-1,-1
468,1005.2011,-931.7114,41.9539,277.8141,-1,-1
603,937.7683,-1123.9919,23.7115,180.4775,-1,-1
558,926.5147,-1122.2576,23.7407,359.0289,-1,-1
559,718.6830,-1195.8802,18.8874,330.9666,-1,-1
560,467.4924,-1354.9702,19.4742,117.5124,-1,-1
491,438.3861,-1560.0665,26.6651,177.5971,-1,-1
459,367.8786,-2041.6055,7.4086,179.9982,-1,-1
547,318.1153,-1599.9172,32.9428,2.656,-1,-1
412,444.8792,-1743.9331,8.7979,176.1015,-1,-1
522,324.7932,-1789.4197,4.6201,181.0798,-1,-1
445,337.3509,-1808.7391,4.3555,359.8984,-1,-1
517,224.8508,-1468.6481,13.0285,316.1733,-1,-1
440,1870.8473,-1388.9401,13.2664,82.4704,-1,-1
400,1816.8849,-1392.5608,13.1633,92.2441,-1,-1
405,1834.6573,-1403.0485,13.1696,359.7695,-1,-1
412,2000.7408,-1353.4243,23.6655,358.5139,-1,-1
411,2095.4067,-1282.8752,24.9881,180.7242,-1,-1
426,2002.0043,-1280.3402,23.6371,268.8155,-1,-1
567,1965.3671,-1198.4048,25.4832,3.4532,-1,-1
576,1961.0436,-1092.7050,25.1065,82.3944,-1,-1
451,2217.2273,-1162.0452,25.4666,88.7689,-1,-1
445,2205.8831,-1168.9492,25.4698,90.2052,-1,-1
486,2149.0779,-1142.8759,24.7497,91.5644,-1,-1
475,2162.2551,-1197.2390,23.6493,268.9842,-1,-1
478,2359.0459,-1370.6327,23.7625,181.2826,-1,-1
467,1664.8818,-2115.4441,13.2834,269.3017,-1,-1
536,1666.7361,-2110.9304,13.2843,268.7188,-1,-1
419,758.3399,-1676.3595,3.7707,1.371,-1,-1
412,749.4809,-1697.9126,4.5260,181.7569,-1,-1
492,762.9564,-1704.6066,5.4527,358.5135,-1,-1
536,747.1693,-1655.7849,4.2780,3.5044,-1,-1
534,758.7396,-1643.4884,5.5172,177.4856,-1,-1
451,764.9989,-1660.1521,4.2111,269.7208,-1,-1
412,2655.8169,-1437.5280,30.2026,270.1959,-1,-1
491,2661.6936,-1422.2571,30.2130,356.8442,-1,-1
536,2656.1050,-1430.8082,30.1971,239.4581,-1,-1
534,2673.2026,-1429.2897,30.1657,2.936,-1,-1
536,2680.2700,-1400.0846,30.2881,132.035,-1,-1
542,2621.0212,-1449.4070,31.3692,92.285,-1,-1
492,2507.7302,-1672.3309,12.9471,352.2122,-1,-1
536,2498.5569,-1656.8615,12.9488,93.7782,-1,-1
412,2473.4238,-1691.8500,13.0848,180.8318,-1,-1
521,2498.8113,-1685.1273,13.1726,10.2232,-1,-1
521,2499.6267,-1647.2308,13.2892,107.6045,-1,-1
445,2470.2358,-1669.7462,13.0517,13.6199,-1,-1
536,2494.2417,-1682.3229,12.8908,269.3499,-1,-1
487,1517.5031,-1655.2877,13.7157,182.135,-1,-1
487,2529.9695,-1677.8480,20.1068,90.1067,-1,-1
487,1786.4635,-2093.9158,17.6234,177.157,-1,-1
487,2654.7339,-1422.4978,30.5616,178.7785,-1,-1
523,1585.8972,-1679.8612,5.4673,314.4667,-1,-1
523,1584.9138,-1674.7843,5.4590,270.1682,-1,-1
523,1601.7988,-1710.8762,5.4562,44.9224,-1,-1
523,1528.9069,-1675.1766,5.4627,227.6585,-1,-1
523,1526.9806,-1677.9541,5.4581,231.494,-1,-1
523,1541.9182,-1644.1047,5.4638,181.8844,-1,-1
596,1600.6400,-1688.1068,5.6107,89.9183,-1,-1
596,1601.5259,-1700.1680,5.6118,269.2596,-1,-1
596,1587.2072,-1709.9626,5.6129,359.3842,-1,-1
596,1528.8367,-1687.8387,5.6122,89.2323,-1,-1
596,1544.8627,-1676.2513,5.6117,90.6536,-1,-1
596,1526.4271,-1644.6641,5.6127,0.8117,-1,-1
596,1530.4705,-1644.8959,5.6112,358.1635,-1,-1
596,1534.8933,-1644.6528,5.6111,0.2785,-1,-1
596,1538.5129,-1644.9203,5.6105,356.4722,-1,-1
596,1535.8920,-1677.7273,13.1515,359.9559,-1,-1
522,1805.3385,-1929.3955,12.9601,89.3292,-1,-1
522,1805.1462,-1925.5730,12.9605,84.334,-1,-1
522,1799.6553,-1933.8883,12.9583,358.8701,-1,-1
522,1794.8628,-1933.5447,12.9508,357.8835,-1,-1
520,1782.4838,-1888.5677,12.9562,180.1077,-1,-1
520,1798.0225,-1888.0714,12.9732,163.9654,-1,-1
522,-2023.3573,125.7667,28.6979,2.8511,-1,-1
560,-2029.1066,125.9384,28.6750,346.5335,-1,-1
522,-2026.5625,125.6210,28.6916,359.4384,-1,-1
522,1827.3231,-1890.1166,13.1001,183.3969,-1,-1
601,1530.753000,-1683.450000,6.274824,270,-1,-1
528,1558.392000,-1710.859000,5.466783,1,-1,-1
596,1569.639000,-1710.859000,5.466783,1,-1,-1
596,1249.4,-2042.1,59.7,268.8,-1,-1
596,1589.639000,-1710.859000,5.466783,1,-1,-1
596,1601.308000,-1628.710000,13.056540,90,-1,-1
596,1601.308000,-1621.916000,13.056540,90,-1,-1
596,1561.860000,-1694.905000,6.139762,222,-1,-1
596,1601.660000,-1696.529000,6.139762,89,-1,-1
497,1116.5,-2053.9,74.4,358.5,-1,-1
497,1116.0,-2017.9,74.4,0.7,-1,-1
599,614.8,-588.5,17.4,240,-1,-1
599,635.1,-561.5,16.5,180,-1,-1
599,1247.9,-2031.2,59.7,270.1,-1,-1
427,1539.392000,-1646.262000,6.274928,180,-1,-1
427,1531.254000,-1647.431000,6.274976,200,-1,-1
490,1546.324000,-1658.402000,6.274824,180,-1,-1
490,1546.324000,-1672.156000,6.274824,180,-1,-1
490,1535.8459,-1668.7560,13.2653,359.7447,-1,-1
523,612.6,-597.3,16.7,270,-1,-1
523,1249.2,-2022.0,59.7,267.3,-1,-1
523,1528.1152,-1679.0033,5.4564,241.9187,-1,-1
523,1530.1611,-1676.0326,5.4563,231.7766,-1,-1
523,1568.483000,-1694.808000,6.138681,222,-1,-1
416,1181.463501,-1308.673706,13.939081,270,-1,-1
416,1181.7,-1339.2,13.8,270,-1,-1
416,1183.0,-1329.7,13.7,1,-1,-1
407,1172.5,-1795.5,13.1,0,-1,-1
407,1182.1,-1795.9,13.1,0,-1,-1
476,1935.763794,-2416.733887,13.846451,89,-1,-1
511,1848.121704,-2435.860352,13.754265,89,-1,-1
476,-1297.811279,-457.169250,14.448013,89,-1,-1
511,-1286.913696,-394.913086,14.448013,89,-1,-1
476,1586.432007,1615.842651,11.119888,89,-1,-1
511,1634.947388,1555.917969,11.109032,89,-1,-1
541,551.7929,-1285.5260,16.9303,0.4147,-1,-1
429,536.9888,-1286.5275,16.9993,359.1704,-1,-1
451,544.1793,-1286.1422,16.9492,7.3116,-1,-1
429,2128.2063,-1141.5492,24.8090,42.9799,-1,-1
415,2131.3589,-1138.5345,25.1992,40.962,-1,-1
480,2134.7695,-1134.7576,25.4289,46.3918,-1,-1
420,1672.876587,-2251.854736,13.674889,271.2,-1,-1
420,1754.525635,-1857.888306,13.713638,271.2,-1,-1
420,-1421.801880,-300.223724,14.299576,44.2,-1,-1
456,2795.2,-2417.8,13.4,90.8,-1,-1
456,2783.9,-2417.9,13.4,90.8,-1,-1
440,2794.1,-2455.9,13.4,90.8,-1,-1
440,2782.9,-2455.6,13.4,90.8,-1,-1
470,1105.7,-2070.5,69.0,185.7,-1,-1
481,1885.2,-1360.1,18.6,90,-1,-1
481,1886.0,-1363.1,18.6,90,-1,-1
481,1886.0,-1365.1,18.6,90,-1,-1
493,720.1,-1694.0,-0.4,179.4,-1,-1
493,721.2,-1629.4,-0.4,180.9,-1,-1
468,976.3570,-814.0229,97.8475,29.2329,-1,-1
468,1424.7,-880.6,49.8,0,-1,-1
463,1513.4,-690.7,94.5,91.3,-1,-1
493,739.5,-1670.5,-0.6,177.5,-1,-1
493,737.7,-1639.9,-0.6,178.1,-1,-1
493,714.3,-1672.0,-0.5,182.2,-1,-1
560,249.9507,-1229.3521,74.5567,1.1,-1,-1
522,1654.8,-1636.9,83.7,90,-1,-1
522,1228.7,-1266.2,64.5,90,-1,-1
487,1767.0,-2285.9,26.9,359.9,-1,-1
411,2152.62,2353.00,10.93,90,-1,-1
415,2113.3875,2356.6069,10.5156,106.5701,-1,-1
439,2119.41,2183.71,10.91,180,-1,-1
451,2102.52,2042.54,11.06,270,-1,-1
502,2154.06,934.13,11.06,180,-1,-1
518,1593.57,99.13,37.96,170,-1,-1
536,1668.83,-770.70,54.65,160,-1,-1
451,1513.47,-769.72,80.75,345,-1,-1
559,1527.44,-813.09,71.95,270,-1,-1
560,1308.97,-913.92,38.98,90,-1,-1
567,1001.98,-940.33,42.40,90,-1,-1
411,692.09,-1186.22,15.59,255,-1,-1
415,206.00,-1441.98,13.36,135,-1,-1
439,-70.14,-1599.16,2.93,135,-1,-1
451,-93.53,-1194.79,2.52,175,-1,-1
470,-311.55,-858.51,47.33,85,-1,-1
495,-1217.19,-742.05,61.05,350,-1,-1
502,-1346.32,-281.78,14.38,135,-1,-1
518,-1547.28,-149.03,14.39,135,-1,-1
522,-1779.85,-567.96,16.72,90,-1,-1
560,-1987.54,271.78,35.41,90,-1,-1
560,-1990.4989,248.7097,34.8768,263.1323,-1,-1
559,-2612.98,203.95,5.13,180,-1,-1
567,-2665.46,268.20,4.58,180,-1,-1
411,-2517.99,-344.79,58.46,15,-1,-1
415,-2396.51,-595.30,132.89,280,-1,-1
439,-2205.23,-736.86,63.55,350,-1,-1
451,-2134.47,-854.33,32.27,270,-1,-1
411,2195.12,2656.03,11.06,90,-1,-1
415,1294.40,2517.13,11.07,90,-1,-1
536,2594.75,-1034.25,69.42,180,-1,-1
559,2917.28,-647.98,8.67,0,-1,-1
560,2724.82,-280.69,27.31,350,-1,-1
567,2765.77,173.70,20.38,180,-1,-1
411,1771.68,871.26,10.46,180,-1,-1
415,2373.70,2018.05,10.21,90,-1,-1
439,2235.43,2043.08,10.21,90,-1,-1
451,2559.63,2057.98,10.20,0,-1,-1
470,2599.62,1677.90,10.20,270,-1,-1
495,2592.02,1853.18,10.20,90,-1,-1
502,2539.13,1270.33,10.20,180,-1,-1
518,2535.46,968.85,10.21,180,-1,-1
522,2360.61,1001.84,10.21,90,-1,-1
536,1685.13,1306.33,10.21,180,-1,-1
559,1710.83,1456.16,10.09,355,-1,-1
560,1293.54,1490.71,10.19,270,-1,-1
567,1562.82,1660.81,10.21,90,-1,-1
411,-2266.14,188.33,34.62,270,-1,-1
415,-2240.89,533.95,34.61,270,-1,-1
451,-2218.87,737.93,48.87,90,-1,-1
451,-2105.25,901.69,75.96,0,-1,-1
470,-2011.78,1087.46,55.17,90,-1,-1
495,-1752.82,953.81,24.19,270,-1,-1
502,-1883.86,1243.34,29.68,315,-1,-1
518,-2278.62,1195.52,54.68,180,-1,-1
522,-2633.72,930.77,71.14,20,-1,-1
536,-2591.12,666.69,27.26,90,-1,-1
559,-2586.95,484.49,14.07,45,-1,-1
560,-2850.90,505.97,4.17,170,-1,-1
567,-2797.34,-39.58,6.64,270,-1,-1
411,-2780.70,-282.46,6.49,0,-1,-1
415,-2486.66,-124.76,25.07,90,-1,-1
439,-2351.65,-126.82,34.76,0,-1,-1
470,-1979.38,499.03,28.50,0,-1,-1
495,-1811.99,595.24,34.62,270,-1,-1
409,1539.96,-1353.15,329.46,270,-1,-1
599,1579.5793,-1616.2053,13.5729,140.6021,-1,-1
599,1601.67,-1610.90,14.4835,84,-1,-1
599,1578.6052,-1604.0804,13.5753,91.0475,-1,-1
599,2272.79,2444.48,10.8203,45,-1,-1
599,2281.34,2444.69,10.8203,245,-1,-1
599,2256.15,2443.72,10.8203,63,-1,-1
599,623.5350,-597.4050,16.7529,90,-1,-1
599,626.3496,-601.0556,16.4431,90,-1,-1
495,352.074,-1789.66,8.1203,152.9012,-1,-1
495,30.8074,-267.409,5.21683,152.9012,-1,-1
495,-604.326,-475.396,28.5178,152.9012,-1,-1
495,-2537.04,-604.082,135.563,152.9012,-1,-1
495,-2446.24,993.248,48.2969,152.9012,-1,-1
495,-2647.9880,1345.2986,7.5274,189.9274,-1,-1
476,1821.6583,-2630.1296,14.2596,340.8974,-1,-1
476,1664.1699,-2628.0967,14.2599,326.8539,-1,-1
476,-1377.0153,-229.0926,14.8558,318.9933,-1,-1
476,1276.7877,1413.6025,11.5289,281.3687,-1,-1
476,314.0201,2503.9302,17.1936,89.1171,-1,-1
476,289.84,2543.39,16.33,180,-1,-1
487,1861.7666,-2632.0405,14.2598,19.0651,-1,-1
487,1279.4381,1440.5977,11.5336,269.5066,-1,-1
487,-1353.4774,-248.0026,14.8769,308.7195,-1,-1
487,-1425.05,-948.10,200.48,270,-1,-1
487,1526.13,-884.31,61.1224,345,-1,-1
487,2125.87,948.166,10.813,180,-1,-1
487,-1897.46,253.565,41.0469,180,-1,-1
488,1291.4078,-788.1159,96.4609,180,-1,-1
481,1880.1022,-1374.0728,13.5706,0,-1,-1
481,1874.6075,-1374.7095,13.5484,0,-1,-1
481,1943.9467,-1369.3985,18.5781,270,-1,-1
481,1944.3214,-1375.4357,18.5781,270,-1,-1
481,1933.1982,-1415.1788,13.6319,180,-1,-1
481,1901.7546,-1436.0195,13.6281,180,-1,-1
562,-1987.7016,265.2586,35.0493,270,-1,-1
534,2265.8278,-2122.9641,13.7366,45,-1,-1
534,2640.3115,-2390.0988,13.3397,270,-1,-1
419,2200.8137,-2509.6132,13.2537,180,-1,-1
477,1881.9674,1816.4667,18.7064,0,-1,-1
562,1858.1218,1933.9909,13.5548,180,-1,-1
442,695.5896,-467.0767,16.0432,270,-1,-1
562,-2693.2148,236.9742,3.9989,180,-1,-1
576,2293.0229,-2021.1601,13.1986,90,-1,-1
565,-2685.1049,236.7105,3.9983,180,-1,-1
562,-2678.0075,236.8102,3.9983,180,-1,-1
562,-2691.9753,205.4253,3.9985,180,-1,-1
412,2445.2573,-1762.4600,13.2446,180,-1,-1
576,1912.6594,-1871.8527,13.2106,180,-1,-1
565,-1954.2777,301.5983,35.1319,135,-1,-1
412,2051.1193,-1992.4644,13.2031,0,-1,-1
566,2511.4162,-1470.2194,24.2141,90,-1,-1
566,2473.9125,-1545.9960,24.1890,270,-1,-1
536,2695.7861,-2007.5607,13.1113,90,-1,-1
534,2688.2021,-2007.5245,13.1078,90,-1,-1
567,2679.4860,-2007.4444,13.1078,90,-1,-1
576,2671.4809,-2007.3712,13.1083,90,-1,-1
412,2663.8706,-2007.3016,13.1058,90,-1,-1
405,2205.2,-1177.0,25.7,270.8,-1,-1
554,2205.1,-1169.1,25.7,270.8,-1,-1
426,2216.7,-1170.6,25.7,268.3,-1,-1
445,2228.5,-1177.3,25.7,88.4,-1,-1
492,2229.2,-1170.2,25.7,86.9,-1,-1
507,2228.9,-1162.7,25.7,87.8,-1,-1
545,2217.0,-1157.2,25.7,269.8,-1,-1
540,169.1929,-1342.3611,69.7396,180.4404,-1,-1
482,422.8060,-1263.5979,51.6681,21.4204,-1,-1
547,405.9748,-1264.3921,50.1237,24.211,-1,-1
550,2242.3,-1235.4,24.3,359.7513,-1,-1
551,2223.9,-1237.3,24.4,358.8547,-1,-1
560,2106.4695,-1248.7920,24.0461,0.1524,-1,-1
566,2196.2891,-1277.7905,24.2147,180.4522,-1,-1
402,198.6057,-1437.2435,13.1844,318.3837,-1,-1
405,216.5521,-1431.4004,13.0853,132.5749,-1,-1
554,334.2231,-1343.7405,14.3828,209.9581,-1,-1
426,481.0428,-1320.8564,15.4095,35.6808,-1,-1
507,697.4343,-1230.9486,16.5063,298.7916,-1,-1
545,723.9850,-1121.5535,18.1450,333.901,-1,-1
540,912.2176,-996.2035,38.1402,7.5764,-1,-1
482,982.1829,-921.8636,41.8776,262.3163,-1,-1
547,981.8715,-917.3546,41.5443,88.0589,-1,-1
550,1188.4082,-925.1859,42.8590,277.5563,-1,-1
400,1307.5226,-914.4717,39.0082,269.3765,-1,-1
405,1450.2,-937.1,36.2,269.6909,-1,-1
492,2148.3257,-1175.2518,24.1959,269.6909,-1,-1
507,2161.4871,-1163.1450,23.6760,269.1628,-1,-1
545,2216.8965,-1165.9469,25.4697,89.8643,-1,-1
540,2348.2910,-1167.9983,27.3637,323.1586,-1,-1
482,2502.0388,-1134.9507,39.1953,150.9506,-1,-1
547,2909.4895,-1180.3746,11.0176,222.1346,-1,-1
550,2853.1858,-1326.8011,11.1511,278.9301,-1,-1
551,2797.2690,-1549.3374,10.4935,93.0282,-1,-1
533,2796.9031,-1567.2024,10.6386,272.4041,-1,-1
482,2813.2175,-1673.0276,9.6638,2.3369,-1,-1
547,2827.6736,-1703.9755,9.7308,77.2896,-1,-1
550,2809.3872,-1837.2391,9.7398,268.988,-1,-1
551,2870.8789,-1943.2599,11.4834,359.2344,-1,-1
566,2411.5386,-2134.7576,13.9352,0.7795,-1,-1
554,1389.7467,-2695.9370,13.4164,121.1818,-1,-1
405,783.1359,-1601.8208,13.2577,270.9069,-1,-1
554,782.7205,-1619.3584,13.2653,93.055,-1,-1
426,923.0841,-1361.7990,13.0324,181.1371,-1,-1
445,911.7986,-1352.7415,13.1543,359.3287,-1,-1
492,1174.6599,-922.1939,43.1189,276.8927,-1,-1
507,1363.0210,-1288.3124,13.2839,180.1453,-1,-1
545,1363.2723,-1260.8229,13.0954,179.5841,-1,-1
540,2383.5627,-1927.9207,13.2436,359.6281,-1,-1
482,2377.0374,-1927.8434,13.1071,0.7843,-1,-1
547,2391.7234,-1978.0658,13.1963,90.1736,-1,-1
550,2396.6899,-1966.8123,13.2793,271.6838,-1,-1
551,2391.1135,-1500.6554,23.6355,269.7709,-1,-1
560,2390.7446,-1490.9093,23.5335,271.1926,-1,-1
405,321.2212,-1809.3561,4.2627,179.7758,-1,-1
554,334.3586,-1789.3143,4.6717,178.7722,-1,-1
426,343.8039,-1808.9827,4.3090,181.8368,-1,-1
445,499.4850,-1764.0182,5.3367,89.793,-1,-1
492,646.4998,-1771.6411,13.2905,348.7706,-1,-1
507,740.4332,-1797.7659,13.9196,349.9927,-1,-1
545,652.4496,-1656.7273,14.4585,91.3294,-1,-1
540,546.0256,-1622.4747,16.4585,180.7857,-1,-1
482,438.9431,-1625.4088,25.7951,0.185,-1,-1
547,453.3896,-1494.3240,30.7917,7.7513,-1,-1
550,487.6469,-1516.2312,20.0235,185.5384,-1,-1
551,300.5775,-1490.8882,24.3748,235.1359,-1,-1
560,297.9918,-1535.9011,24.3758,231.2773,-1,-1
566,524.0590,-1375.0093,15.8231,193.3626,-1,-1
405,598.9131,-1519.1414,14.8214,180.4083,-1,-1
554,593.2022,-1519.3578,14.9461,181.5466,-1,-1
426,733.5679,-1438.4880,13.3203,266.7551,-1,-1
445,770.4971,-1431.1127,13.3247,0.7436,-1,-1
492,735.9440,-1346.2430,13.3003,88.3069,-1,-1
507,736.8572,-1337.1550,13.3140,271.3832,-1,-1
545,856.7003,-1363.1852,13.4093,179.8542,-1,-1
482,888.1506,-1659.2727,13.3296,1.2414,-1,-1
547,879.1024,-1669.2560,13.3305,180.5853,-1,-1
550,888.0242,-1678.5981,13.3294,358.499,-1,-1
551,920.4441,-1823.0966,12.3452,84.1821,-1,-1
560,986.5818,-1761.2992,13.4014,181.9385,-1,-1
566,1062.6744,-1757.9412,13.1956,89.0572,-1,-1
405,1084.3831,-1763.8369,13.1501,269.0443,-1,-1
554,1081.8948,-1629.9564,13.4064,90.088,-1,-1
426,981.7941,-1523.5115,13.3379,267.2751,-1,-1
445,1014.7464,-1434.4586,13.3292,266.3129,-1,-1
492,2684.6,-1990.2,13.3,180.0931,-1,-1
507,2684.6,-2019.0,13.3,0.8777,-1,-1
545,1096.1,-1379.9,13.3,270.1909,-1,-1
540,1151.6812,-1203.2323,20.2889,273.5155,-1,-1
482,1182.2568,-1219.2407,18.4163,0.5578,-1,-1
547,1260.9978,-1187.1921,23.3559,183.3606,-1,-1
550,1331.9304,-1081.3899,24.9941,90.4092,-1,-1
551,1284.8755,-1525.5013,13.3451,269.4388,-1,-1
560,1279.1887,-1539.2032,13.3201,94.807,-1,-1
566,1275.9120,-1646.7448,13.3273,267.2669,-1,-1
405,1318.2792,-1785.7821,13.2429,182.4215,-1,-1
554,1253.9153,-1833.3832,13.1734,175.3692,-1,-1
426,1279.2875,-1814.4156,13.1657,93.6385,-1,-1
445,1198.5004,-1835.2216,13.1820,93.678,-1,-1
492,1479.9131,-1737.8813,13.2418,269.5805,-1,-1
507,1508.1047,-1737.7089,13.2418,270.025,-1,-1
545,1618.0411,-1891.1044,13.3278,0.3364,-1,-1
540,1623.7291,-1892.7234,13.3307,180.0126,-1,-1
482,1742.8494,-1857.7446,13.1960,271.174,-1,-1
547,1743.5837,-1844.6041,13.3557,180.3384,-1,-1
550,1838.1904,-1871.3842,13.1703,358.5452,-1,-1
551,1841.4791,-1871.6549,13.1687,179.3825,-1,-1
560,1777.1376,-1910.0310,13.1681,91.0725,-1,-1
566,1803.1235,-1920.5144,13.1758,266.0453,-1,-1
566,1981.0780,-1986.3513,13.3275,2.1479,-1,-1
405,1987.6057,-1994.9520,13.3296,359.9128,-1,-1
554,1978.0371,-2066.7500,13.1640,358.2871,-1,-1
426,1984.7471,-2066.7776,13.1625,359.7226,-1,-1
445,1938.0565,-2086.8459,13.3429,268.3414,-1,-1
492,1947.1119,-2136.3887,13.3286,90.9804,-1,-1
507,1932.1523,-2141.5220,13.3429,1.8383,-1,-1
545,1793.9172,-2148.5300,13.3781,359.7861,-1,-1
540,1748.0751,-2084.2090,13.3324,0.4337,-1,-1
482,1560.5026,-2260.5457,13.3258,268.7398,-1,-1
547,1461.6943,-1505.1688,13.2541,356.9007,-1,-1
550,1426.4930,-1402.3170,13.1800,181.029,-1,-1
551,1435.0645,-1325.6835,13.2580,270.94,-1,-1
560,1513.9486,-1272.5691,14.2685,181.0697,-1,-1
566,1583.7561,-1338.7435,16.1896,359.8619,-1,-1
405,1573.8772,-1209.9202,17.1378,92.7502,-1,-1
554,1476.2012,-1120.3083,23.5660,359.9746,-1,-1
426,1430.2316,-1054.8555,22.8693,359.3625,-1,-1
445,1574.1168,-1036.7643,23.6151,145.6786,-1,-1
492,1617.6676,-1009.8663,23.6052,356.8697,-1,-1
507,1645.3188,-1036.5238,23.6027,0.7258,-1,-1
545,1735.2826,-1010.5402,23.6588,346.3133,-1,-1
540,1770.4874,-1060.9886,23.6658,179.275,-1,-1
482,1739.9854,-1084.5490,23.6660,176.8026,-1,-1
547,1653.1766,-1134.8994,23.6110,178.6835,-1,-1
550,1617.3746,-1132.8293,23.6117,91.73,-1,-1
551,1790.0190,-1292.9065,13.2653,267.2964,-1,-1
560,1754.3009,-1476.8170,13.2402,269.632,-1,-1
554,2003.3417,-1121.4993,26.3879,357.4926,-1,-1
426,2084.2334,-1170.0986,24.2042,91.8975,-1,-1
445,2229.1128,-1357.8774,23.6930,268.2194,-1,-1
492,2229.2278,-1345.4033,23.6892,93.3009,-1,-1
507,2332.5684,-1362.4845,23.7297,358.1198,-1,-1
545,2384.1567,-1275.6326,23.9198,101.6528,-1,-1
540,2432.3149,-1226.0785,24.9941,17.9805,-1,-1
482,2426.9612,-1224.4158,25.0000,202.7159,-1,-1
547,2438.4309,-1321.6925,24.1225,269.7535,-1,-1
551,2612.9702,-1262.6970,48.2461,269.4752,-1,-1
560,2659.4529,-1428.4343,30.1790,266.5051,-1,-1
566,2659.7053,-1422.6743,30.1714,89.8159,-1,-1
405,2485.5313,-1556.1823,23.7478,178.8338,-1,-1
554,2478.7664,-1555.7006,23.7226,183.6043,-1,-1
426,2605.3967,-1365.8829,34.6461,359.9891,-1,-1
445,2754.7136,-1373.0253,40.1154,91.4169,-1,-1
492,2717.3662,-1468.0308,30.0894,1.0298,-1,-1
507,2816.7195,-1449.4285,15.9549,268.9106,-1,-1
545,2816.9937,-1441.5880,15.9544,90.7779,-1,-1
540,2681.9016,-1673.3879,9.1290,0.5605,-1,-1
482,2442.5845,-1642.7507,13.1644,180.3454,-1,-1
547,2361.3120,-1674.6146,13.2505,357.4959,-1,-1
550,2298.3535,-1633.7542,14.3849,80.8107,-1,-1
551,2297.9077,-1639.9464,14.4352,94.4292,-1,-1
560,2255.4045,-1664.5736,15.1304,74.6898,-1,-1
566,2234.1057,-1726.9386,13.1665,271.7536,-1,-1
405,2319.3833,-1716.6823,13.2518,359.854,-1,-1
554,2474.5105,-1755.9194,13.2522,270.5967,-1,-1
426,2501.8213,-1754.2794,13.1208,176.4916,-1,-1
445,2489.1560,-1952.6886,13.1366,178.1629,-1,-1
492,2495.4326,-1953.2922,13.1299,356.5514,-1,-1
507,2306.7168,-1989.6796,13.2639,184.8385,-1,-1
482,2056.1807,-1904.7751,13.2502,2.291,-1,-1
550,2064.9871,-1919.1674,13.2504,180.8575,-1,-1
551,1886.4812,-2022.9338,13.0964,179.4265,-1,-1
560,1824.8976,-2019.8374,13.0875,272.5273,-1,-1
566,1942.1669,-1862.6425,13.2679,264.559,-1,-1
405,1923.9409,-1795.5616,13.0877,90.0886,-1,-1
554,1807.0905,-1571.7120,13.1659,125.1048,-1,-1
426,1809.9016,-1676.0603,13.2422,180.7589,-1,-1
445,1809.6266,-1653.3402,13.2365,180.653,-1,-1
492,1809.7056,-1660.3019,13.2380,180.6262,-1,-1
507,1978.4003,-1675.0157,15.6741,269.7336,-1,-1
545,1974.8230,-1693.5488,15.6741,92.1162,-1,-1
540,1929.2253,-1584.6954,13.2700,185.5542,-1,-1
482,1731.9725,-1590.8959,13.1630,77.7249,-1,-1
547,1721.5776,-1589.2834,13.1526,80.9057,-1,-1
550,1695.1428,-1519.2667,13.1671,0.7121,-1,-1
551,1694.7080,-1501.7454,13.1675,357.815,-1,-1
411,-2082.2407,-276.2535,35.0473,179.5881,-1,-1
451,-2077.9363,-276.2973,35.0284,180.0988,-1,-1
429,-2073.8857,-276.2755,34.9999,181.0099,-1,-1
522,-2073.7415,-266.5278,34.8927,217.2764,-1,-1
522,-2067.8000,-274.3333,34.8868,217.2762,-1,-1
522,-2093.6592,-238.7684,34.8910,268.8545,-1,-1
468,-2093.5190,-235.9875,34.9892,265.5127,-1,-1
444,-2043.1442,-152.6287,39.2713,288.4476,-1,-1
504,-2084.0488,-108.8488,35.1126,358.6101,-1,-1
504,-2080.3799,-108.7750,35.1125,359.3471,-1,-1
522,-2023.6782,-122.6857,34.7585,5.6476,-1,-1
522,-2019.4063,-122.7911,34.7770,357.5882,-1,-1
522,-2021.8099,-122.7494,34.7680,0.7533,-1,-1
477,-2043.9205,-177.0054,35.0801,180.7196,-1,-1
477,-2044.0931,-193.2543,35.0760,358.0864,-1,-1
522,-2035.2681,-278.0305,34.8860,182.2931,-1,-1
451,-2043.1597,-277.1660,35.0299,178.2078,-1,-1
451,-2046.9794,-277.0523,35.0314,180.098,-1,-1
411,-2063.8237,-245.2278,35.0473,359.8873,-1,-1
411,-2063.7954,-230.8184,35.0512,359.9517,-1,-1
429,-2086.3411,-189.1079,34.9999,358.358,-1,-1
429,-2086.1006,-180.6557,34.9999,358.3728,-1,-1
560,-2088.3621,-143.7436,35.0253,359.9523,-1,-1
560,-2088.5134,-138.0053,35.0258,1.1943,-1,-1
562,-2075.0696,-108.9343,34.9828,0.7072,-1,-1
468,-2094.1638,-149.8703,34.9895,266.7468,-1,-1
468,-2093.8865,-144.1561,34.9777,91.8026,-1,-1
522,-2056.2927,-168.1383,34.8896,243.843,-1,-1
522,-2019.3164,-219.0912,34.8928,82.0377,-1,-1
468,-2019.1146,-221.6978,34.9892,267.5063,-1,-1
468,-2019.2758,-216.8506,34.9892,270.0094,-1,-1
468,-2024.2158,-278.6094,34.9889,91.2338,-1,-1
463,-2029.8383,-269.1547,34.8602,92.1952,-1,-1
522,-2012.8832,-269.3011,34.8950,359.9014,-1,-1
468,-2016.6353,-258.1417,45.5522,171.3577,-1,-1
522,-2051.8887,-206.2548,56.1679,168.3855,-1,-1
468,-2047.1726,-204.0825,71.9399,156.7968,-1,-1
522,-2037.3829,-171.0797,57.3106,78.6981,-1,-1
522,-2048.4644,-247.8668,104.6692,273.8113,-1,-1
522,-2048.5732,-244.9206,104.6677,86.4598,-1,-1
468,-2075.0078,-216.8356,34.9888,63.1467,-1,-1
468,-2075.8591,-209.0480,34.9919,129.7876,-1,-1
598,2269.0366,2460.2317,8.2674,181.9338,-1,-1
490,2278.0327,2459.1831,8.9495,1.6668,0,0
490,2255.8301,2443.1006,7.5678,179.7459,-1,-1
490,2239.7317,2456.6294,1.4036,88.4757,-1,-1
598,2276.6790,2473.7705,1.0201,184.7489,-1,-1
598,2315.3213,2464.7903,1.0219,270.0937,-1,-1
523,2297.4980,2464.5881,1.0,88.5560,-1,-1
490,2314.2158,2484.8979,3.3994,92.8849,0,0
490,2240.0923,2436.7124,3.4017,91.8532,0,0
598,2299.4771,2451.7512,3.0199,270.3331,0,1
416,1590.5470,1849.9900,10.9690,359.8599,1,3
544,1769.6177,2075.1941,11.0567,179.5683,3,1
544,1750.6584,2077.1130,11.0558,180.0440,3,1
544,1763.4852,2076.7075,11.0525,179.6720,3,1
544,1757.0782,2075.0398,11.0568,177.5558,3,1
519,1328.6196,1612.2500,11.7437,270.0001,1,1
593,1352.1102,1779.0000,11.2880,270.0000,2,1
593,1352.1116,1801.5000,11.2863,269.9999,36,8
522,1676.4335,1322.1592,10.3320,87.7189,7,79
417,1286.8724,1449.6250,10.8722,270.0000,0,0
553,1571.4385,1487.7513,12.1685,311.1577,71,87
553,1597.4109,1342.6935,12.1865,344.8449,71,87
487,1655.0576,1554.5649,10.9879,64.4211,26,3
487,1397.5690,1770.0475,10.9971,269.3060,26,3
487,1618.4143,1357.5428,10.9893,169.4555,26,3
469,1358.1189,1253.5436,10.8285,358.5788,1,3
609,1341.5886,1729.4564,10.8864,91.6428,36,36
519,1303.7971,1360.9348,11.7405,267.7907,1,1
511,1341.3031,1682.6432,12.1967,268.5870,3,90
512,1326.1611,1420.4333,11.1030,178.1441,17,39
513,1280.1281,1411.8032,11.3653,223.4432,48,18
515,1573.4801,1654.4058,11.8422,91.4976,24,77
435,1554.5338,1669.4784,11.4542,180.0,1,1
435,1581.9742,1664.0665,11.4526,180.0,1,1
404,1309.7848,1279.5735,10.5544,359.2681,101,101
411,1682.5769,1316.6561,10.5474,358.3994,123,1
436,1663.4026,1297.1321,10.5877,359.4867,83,1
439,1642.0035,1293.2332,10.7156,268.6615,54,38
462,1713.8118,1319.2559,10.4165,268.4222,2,1
474,1695.4330,1306.1843,10.5853,179.3891,110,1
480,1682.4532,1286.9058,10.5945,179.2040,6,6
420,1723.8730,1501.4979,10.5187,167.0140,6,1
420,1712.5610,1461.2471,10.5375,162.1933,6,1
420,1707.1067,1437.8787,10.4501,182.4505,6,1
438,1717.6479,1479.1417,10.7440,163.7234,6,76
438,1707.2537,1415.7250,10.5640,189.8016,6,76
437,1719.1062,1381.2042,10.6256,197.7497,123,20
485,1537.6528,1211.1794,10.4701,0.8908,1,79
592,1340.5055,1495.6396,12.0169,270.7770,1,1
485,1353.3430,1642.0271,10.4825,175.0001,1,76
422,1325.3158,1278.7190,10.8037,180.6936,101,25
505,1282.6981,1304.3754,10.9647,82.8840,76,102
407,1282.0891,1477.3781,11.0577,244.1416,3,1
407,1312.9038,1580.9365,11.0562,272.9746,3,1
409,1944.0602,1346.0486,8.9093,180.2598,0,0
409,1944.3724,1335.7693,8.9094,178.7635,1,1
409,2039.6443,1008.3372,10.4717,178.7756,0,0
409,2108.1514,1440.6624,10.6203,268.1557,0,0
409,2176.3467,1676.1738,10.6203,179.9265,1,1
409,2035.1099,1917.6454,11.9762,180.5781,1,1
587,2075.4963,1490.6589,10.3973,0.9207,10,10
451,2148.8706,1398.3688,10.5208,359.6848,78,78
558,2132.6252,1409.2678,10.4506,180.3099,36,1
420,2039.7207,1335.4227,10.4504,178.9215,-1,-1
420,2159.9783,1687.9427,10.5331,15.7070,-1,-1
420,2217.6040,1838.1331,10.5980,180.3272,-1,-1
420,2040.1990,1344.9268,10.4492,178.6027,-1,-1
562,2039.9257,1019.8728,10.3308,179.7790,33,33
562,1881.7867,964.0424,10.4797,89.3165,33,33
562,1881.5303,991.9349,10.4789,88.5594,33,33
562,1881.8263,1035.1031,10.4788,90.5642,33,33
562,1882.0393,1054.4159,10.4798,90.3892,33,33
543,1665.9182,900.6049,10.6179,154.1468,66,84
561,1655.6388,999.3278,10.6343,1.6394,112,112
516,1677.3665,988.1376,10.6021,359.7391,16,16
411,1889.2765,1934.0405,13.5119,180.0616,4,4
422,2791.8364,1997.4441,10.8079,358.2167,8,10
402,2812.9854,2026.3202,10.5870,181.2861,46,46
401,2822.0801,2169.3892,10.5975,270.8597,59,59
402,2582.8459,2271.9075,10.6526,89.7938,58,58
561,2764.5786,1281.6991,10.4819,91.0993,72,72
405,2782.1956,1295.4828,10.6250,179.4644,65,65
414,2624.3726,1104.1190,10.8045,269.3916,101,101
463,2437.9824,2060.0774,10.3605,321.5250,66,66
463,2439.4592,2059.3762,10.3573,317.0827,125,125
463,2436.2813,2060.5950,10.3597,324.4647,70,70
533,2444.2742,1990.9354,10.5294,359.2699,83,83
480,2458.2346,1992.2141,10.5043,180.6471,92,92
482,2170.9219,1981.6818,10.8809,90.0917,52,52
402,2231.9128,1277.3851,10.5745,1.2022,22,22
451,2182.8376,1287.8752,10.4708,180.3702,123,1
415,2171.9434,1118.7880,12.3942,333.4859,36,1
429,2141.7615,1022.6919,10.5000,90.9348,13,13
436,2150.9563,987.4216,10.5865,180.8703,87,1
439,2133.0083,1006.8494,10.7160,89.0048,43,21
561,2163.0320,1006.4872,10.6988,270.5458,101,1
461,2132.7266,899.1528,10.4046,270.7793,61,1
462,2132.7463,906.0122,10.4196,268.0389,2,1
463,2475.0217,992.2781,10.3602,206.1178,7,7
474,2197.8374,936.0216,10.5829,185.2772,105,1
442,2485.1379,936.2085,10.6624,0.1062,25,109
587,2460.3796,918.7192,10.5355,90.4611,53,1
535,2455.4519,1275.5571,10.5843,270.0745,28,1
603,2389.2190,1658.2742,10.4453,358.7758,60,1
560,2039.5767,1560.1608,10.3773,179.5952,9,39
545,2075.7207,1482.4139,10.4829,359.4229,44,96
579,2168.6729,1412.4142,10.7456,179.3802,53,53
581,2353.1150,1405.4800,10.4148,272.0892,66,1
477,2352.6646,1436.9703,10.5496,269.3466,75,1
603,2300.3599,1466.0364,10.4462,90.1237,53,53
558,2300.8755,1458.6439,10.4778,90.3777,92,1
480,2292.5034,1454.7678,13.8155,270.6444,68,1
558,2285.8660,1518.0089,16.9278,0.2348,77,1
521,2351.9590,1487.6743,17.7851,268.5520,92,3
516,2322.5889,1423.0115,22.1984,89.6001,122,1
579,2352.2910,1472.8545,32.0779,268.4590,28,119
418,2332.3298,1387.9061,36.5387,179.0473,64,64
477,2293.1245,1455.2216,39.5112,270.0951,22,1
461,2279.1494,1387.7222,42.4054,181.3635,61,1
451,2351.6416,1415.7268,42.5269,269.3744,123,123
448,2631.0559,1845.8617,10.4164,264.5009,3,6
561,2632.0137,1858.2656,10.6989,270.9765,113,1
477,2602.6128,1846.6437,10.5729,90.5212,121,1
479,2631.2253,1794.8120,10.6166,270.0366,60,35
581,2600.0813,1691.2465,10.4108,89.1784,36,1
496,2631.7998,1681.1658,10.4784,271.2010,31,31
402,2214.7441,1512.2836,10.6519,269.6815,39,39
410,2038.7775,1588.8407,10.3258,179.6040,10,1
418,1742.2191,1906.1680,10.9136,90.2075,117,227
420,1731.2715,1974.9578,10.5994,273.0416,6,1
437,1736.9500,1878.4280,10.9183,269.9015,47,74
429,1702.7047,1804.3766,10.5000,359.9712,1,2
421,1602.3925,1839.9454,10.7028,178.4762,36,1
402,1471.5049,1928.6152,11.1104,91.6437,22,22
482,1450.1931,2017.9884,10.9038,90.8726,91,1
426,1453.9977,1957.7761,10.9630,179.0628,62,62
436,1368.7289,2020.8182,11.2117,88.9614,92,1
483,1117.3785,2112.5374,10.8094,0.4216,1,31
498,1049.3367,2135.9788,10.8916,87.9624,20,117
530,980.7039,2060.1577,10.5856,159.6553,114,1
542,1023.1682,2019.7904,10.9840,272.4500,31,93
554,991.6675,1886.8708,11.3290,270.6092,15,32
558,984.5507,1719.9063,8.2853,270.4343,24,1
522,949.3912,1662.1198,8.4159,269.5886,6,25
541,1113.0669,1726.9880,10.4451,179.9989,22,1
521,1024.1970,1724.4652,10.3911,93.4605,92,3
506,1041.7158,1357.1357,10.5246,85.3610,7,7
500,1042.7311,1346.4717,10.9230,81.1408,28,119
496,979.9923,1080.0503,10.5293,91.2658,53,56
482,979.7035,1104.7273,10.9448,90.7615,71,71
414,1425.6675,1039.2936,10.4327,90.1854,102,65
414,1451.7877,976.0687,10.4987,0.3869,67,1
410,2004.4067,735.3056,11.0296,180.8574,9,1
418,2168.8989,695.7342,11.4583,182.7091,117,227
429,2362.0627,731.0701,11.0945,0.1727,1,3
439,2362.4011,648.3926,11.2058,358.5358,43,21
460,2358.0769,519.0576,1.7602,270.6638,17,23
493,2292.9006,518.9941,-0.2127,269.6579,36,13
496,2086.2354,658.9543,10.8917,180.3410,66,72
506,1916.4235,698.4152,10.5369,359.5925,52,52
516,1852.8835,698.9276,11.0089,92.2719,119,1
521,1413.7998,772.0428,10.3920,92.6899,87,118
533,1484.0516,787.6008,10.5294,359.4022,74,1
545,1535.0472,787.3861,10.6314,0.8390,44,96
578,1645.1521,740.4365,11.4446,357.8964,1,1
484,1628.1273,571.8071,0.1587,269.3263,66,36
477,1544.6929,2132.2334,11.1514,269.0969,101,1
480,1613.6011,2207.0527,10.5919,271.9736,4,4
479,1519.2012,2291.0112,10.6331,0.9600,49,23
419,1340.8719,2246.3386,10.6215,92.0409,21,1
462,1431.4543,2237.3440,10.6230,267.7669,3,1
401,1508.7909,2091.1387,10.6953,271.2132,39,39
439,1068.4608,2185.2996,16.6151,91.1135,25,78
426,1126.5607,2323.6711,16.4615,90.0850,7,7
421,1135.4622,2253.0496,16.6012,270.1440,30,1
419,1115.4999,2310.4092,10.6371,267.7344,33,75
561,990.2859,2307.3047,11.1294,89.9585,101,101
400,1108.1198,1903.8445,10.9125,269.1945,113,1
403,1059.6801,1916.6881,11.4272,0.6038,101,1
402,2039.0864,1160.6543,10.5033,179.5146,22,22
411,1844.4286,1209.7379,10.5596,91.1955,116,1
522,1843.6981,1255.3601,10.3902,89.6382,3,8
439,1866.8518,1179.2153,10.7348,0.1707,37,78
587,1552.6906,1025.6267,10.5356,267.4064,66,1
543,1332.6006,1159.0437,10.6290,270.0148,8,90
545,1281.1134,2545.5876,10.6315,90.4074,30,1
420,1433.6541,2608.7395,10.6772,89.2627,6,76
508,1374.0249,2644.2893,11.1956,179.4467,1,1
437,1352.3561,2647.1230,10.9443,180.4328,105,20
451,1319.5608,2697.6628,10.5268,0.7027,61,61
437,1296.4653,2646.8472,10.9536,1.1869,54,7
506,1464.4520,2773.0771,10.3764,181.1781,3,3
546,1475.3710,2839.5518,10.6444,181.0346,11,11
541,1455.9503,2878.8362,10.4449,0.1368,51,1
545,1529.5756,2867.6501,10.6314,268.0443,39,1
421,1529.6301,2835.7375,10.6409,269.9234,62,62
457,1422.7972,2830.8291,10.4472,91.4126,13,1
457,1369.0237,2784.1589,10.4470,94.3731,34,1
457,1423.0651,2835.1399,10.4471,92.8884,58,1
572,1420.3008,2802.6375,10.4002,179.9108,30,1
561,1618.5776,2834.7361,10.6343,359.5821,25,78
581,1737.6124,2780.0356,10.6454,100.8438,54,1
579,1673.0441,2696.7334,10.7646,2.8550,37,37
522,1927.4393,2729.9841,10.3924,182.5768,6,25
562,1998.1213,2758.4885,10.4822,0.3794,116,1
542,2260.1184,2737.8931,10.5638,271.1407,24,118
498,2311.9609,2763.3215,10.8880,272.1044,13,120
421,2143.1143,2807.1777,10.5765,92.5022,30,72
480,2167.2463,2750.6987,10.5948,271.0785,12,12
419,2349.0527,2578.4849,10.6135,0.1656,2,39
448,2363.0669,2531.9736,10.4173,267.6790,3,6
541,2417.8662,2529.0085,10.4450,178.9855,36,8
415,2455.1401,2531.6060,21.6458,179.4472,0,1
418,2530.6252,2535.9524,21.9679,268.5749,81,81
436,2506.2002,2515.6663,21.6411,88.9685,11,1
429,2537.9023,2397.2529,3.8906,0.5158,10,10
474,2511.0984,2394.3940,10.5828,269.3660,97,1
477,2501.1006,2131.0410,10.4987,269.4453,92,1
518,2589.0198,2166.3142,10.4839,1.1502,17,1
533,2620.0979,2086.9114,10.5281,180.6504,79,1
535,2567.6167,2059.1948,10.5846,0.8758,28,1
541,2075.6462,1312.3136,10.2966,359.4287,2,1
546,2183.6970,1878.7114,10.5448,359.9918,78,38
410,2192.2410,1856.6902,10.6209,181.3348,75,1
480,2203.4363,1787.9412,10.5034,179.6947,60,1
541,2181.5310,1821.7205,10.4451,0.6193,51,1
533,2129.1848,1810.2720,10.3810,332.9410,74,1
477,2118.6621,1892.0770,10.3763,181.2668,6,6
410,2118.6233,1910.1948,10.7688,180.4238,40,110
496,2102.4214,2066.0054,10.5366,270.8547,66,72
477,2103.5483,2089.0322,10.5741,269.2954,101,1
516,2028.6848,2155.9724,10.6248,264.3126,2,39
522,1995.4116,2185.7837,10.3813,183.3891,36,105
508,2010.5963,2137.1594,11.1969,270.0610,1,1
414,2005.9337,2059.6008,10.9941,181.8287,110,93
414,2060.3394,2237.0127,10.5447,89.3482,121,93
448,2077.0784,2226.7166,10.4142,3.1701,3,6
420,2107.7361,2206.7979,10.8238,178.2615,6,76
516,2094.5530,2206.6326,10.5904,178.8517,119,45
477,2156.2788,2188.8767,10.3516,358.4281,14,14
415,2339.1323,2114.0562,10.4512,177.1576,20,1
409,2361.3320,2170.0618,10.5251,359.3094,1,1
461,2380.3523,2018.2645,10.3403,272.1906,13,1
587,2338.7590,1943.9525,10.4102,182.1740,40,1
482,2221.3479,1944.5293,9.7951,87.2554,37,37
479,2272.5029,1953.1041,9.4899,179.0292,7,7
541,2244.7246,1997.9194,15.4282,0.8475,12,32
541,2222.4797,1936.1879,25.9241,88.7210,68,8
415,2294.6262,1952.2435,26.0251,268.4258,7,7
436,2246.8062,1939.5153,31.5463,179.6696,33,0
461,2283.6470,1975.2380,28.4011,180.9682,62,62
482,2217.0320,2048.4802,10.9456,89.9095,85,85
479,2296.6074,2046.1454,10.6169,271.5167,49,23
461,2259.0544,2065.4905,10.3873,2.1430,61,1
477,2272.6033,2326.2434,10.5272,88.5973,61,61
401,2464.2083,2236.9705,10.5507,88.6525,39,39
428,2242.5024,2231.3748,10.9010,270.8860,4,75
516,2007.5071,2263.2092,17.6074,2.4052,13,76
522,2014.7938,2244.9580,23.4848,269.4012,8,82
436,1907.2633,2290.8406,11.0000,180.4904,84,1
480,1705.0334,2242.9836,10.5941,179.6409,12,12
436,1691.1774,2131.1426,11.0800,91.2325,87,1
414,1842.6188,2090.4556,10.8907,176.3065,36,36
436,1908.1819,2078.6570,10.5695,270.3529,53,1
516,1912.8295,2158.5737,10.6165,271.8315,47,47
525,1963.4600,2171.0208,10.6913,257.1353,1,1
496,1993.2476,2058.3521,10.5367,357.2019,53,56
535,2075.9631,1677.7250,10.4351,0.1849,118,1
418,2452.3093,1357.8304,10.9134,359.7694,61,61
415,2447.5730,1327.1135,10.5908,179.6456,0,1
414,2612.0542,1429.5336,10.9140,183.7790,24,1
420,2488.5161,1534.1761,10.5240,231.4538,6,1
409,2481.3877,1544.0386,10.5123,202.9677,1,1
579,2498.4194,1676.3019,10.5524,1.3521,101,101
474,2463.0220,1676.7267,10.5831,359.3129,97,1
518,2788.6519,2431.3220,10.4912,314.8943,2,39
516,2815.1465,2406.8418,10.6541,315.8335,119,1
506,2833.4592,2309.8750,10.5247,179.7437,76,76
516,2891.3560,2379.1252,10.6230,270.9466,41,29
417,2093.3755,2415.1582,74.7678,94.3180,2,29
402,2095.8645,2410.8191,45.0503,267.7614,110,110
516,2104.4490,2396.0525,40.6341,271.3880,119,62
402,2095.8438,2398.7417,27.8898,268.8989,99,81
477,2086.5784,2416.6394,23.4231,90.8221,3,3
516,2103.9829,2419.3713,14.8978,270.8129,24,55
561,2065.8535,2479.7612,10.6989,359.7305,4,1
414,2130.8403,2514.2134,10.9140,193.6682,24,1
410,1900.4618,2437.4229,10.4740,92.5165,45,1
408,1730.6010,2336.2703,11.3685,2.6346,26,26
486,2707.1851,822.1658,10.7179,2.5507,1,1
486,2707.0010,908.6336,10.8980,176.3525,1,1
482,2697.6646,885.6911,10.3113,271.4880,71,71
554,2701.6409,828.3740,10.1758,359.8369,15,32
524,2635.2407,848.0072,6.7986,311.1720,61,27
524,2630.1240,851.0532,6.9725,315.8478,65,31
530,2687.1553,909.9475,10.4912,199.4376,111,1
530,2683.3469,908.7888,10.4567,197.7386,112,1
455,2685.8137,864.3542,10.3588,358.5818,84,58
560,2705.9065,788.8524,10.6037,359.2399,33,0
403,2873.0920,920.3176,11.3572,94.3495,28,1
403,2873.2283,913.3622,11.7676,85.7952,24,77
435,2855.4207,896.0324,11.1716,359.7548,24,77
435,2818.0835,897.6704,11.3012,359.2285,24,77
435,2827.5466,897.5560,11.2943,0.9414,24,77
530,2884.7034,941.7674,10.5161,90.4367,112,1
530,2833.1492,996.5211,10.5144,173.6816,13,1
482,2805.1533,968.8243,10.8708,178.9079,48,48
560,2817.4512,941.4572,10.4556,0.9883,9,39
578,2840.3525,994.4778,11.3743,176.8262,1,1
485,-1644.8495,-593.8191,13.8045,244.2475,1,74
485,-1433.6989,-639.9345,13.8059,351.8341,1,74
485,-1354.3955,-426.7434,13.8022,293.6214,1,74
485,-1284.1956,60.9789,13.8074,96.5168,1,74
485,-1556.3772,-156.9351,13.8067,135.6197,1,74
592,-1562.6097,-191.8931,15.3402,135.3354,1,1
583,-1467.6941,-68.7159,13.6890,135.9720,1,1
583,-1438.1007,-178.1787,13.6843,333.7912,1,1
583,-1396.8986,-226.8979,13.6890,329.7987,1,1
583,-1634.3322,-377.9814,13.6890,335.1347,1,1
583,-1299.0438,-286.9009,13.6891,341.6255,1,1
525,-1354.0233,-375.1031,14.0255,263.6050,18,20
513,-1285.7555,24.0493,14.6993,121.8480,21,36
513,-1260.6040,7.5347,14.7070,118.6241,21,36
511,-1704.6077,-239.2016,15.5222,314.2837,4,90
476,-1367.2609,-485.4558,14.8787,209.5813,7,6
476,-1440.4191,-526.5578,14.8939,207.2082,1,6
519,-1371.1775,-232.3967,15.0767,315.6230,1,1
519,-1341.1079,-254.3787,15.0773,321.6316,1,1
420,-1472.3452,-272.3332,13.7749,78.9964,6,1
420,-1459.8147,-275.6010,13.8146,65.6229,6,1
420,-1439.7112,-284.8562,13.8131,58.6121,6,1
420,-1421.4268,-298.8921,13.7817,46.1681,6,1
519,-1331.5316,-618.3227,15.0629,325.7105,1,1
593,-1384.5905,-625.2684,14.6115,321.7572,58,8
511,-1449.8151,-617.1895,15.5199,329.7999,12,60
593,-1325.9851,-276.6170,14.6107,296.5465,60,1
563,-1598.6353,-615.8722,14.8537,276.2098,1,6
476,-1426.4314,-518.3584,14.8958,180.5740,119,117
513,-1281.6588,-627.3807,14.6996,356.9070,21,36
519,-1299.0974,-353.5505,15.0716,278.4124,1,1
487,-1182.6599,22.4607,14.3251,45.0604,29,42
417,-1222.6132,-11.1500,14.2353,42.9828,0,0
544,-1258.5739,68.2615,14.3863,43.9776,3,1
544,-1262.4766,64.5995,14.3817,43.9013,3,1
596,1554.5928,-1615.0944,13.1075,143.0,0,1
596,1560.2781,-1614.7255,13.1065,143.0,0,1
596,1565.3577,-1615.1208,13.1006,143.0,0,1
596,1570.3990,-1615.1421,13.1035,143.0,0,1
596,1575.5455,-1615.0767,13.1051,143.0,0,1
427,1600.4679,-1607.5685,13.6005,88.3196,0,1
427,1599.9907,-1613.6184,13.5959,89.1377,0,1
427,1600.0579,-1619.9817,13.5981,89.7130,0,1
427,1599.8956,-1626.2255,13.5964,89.2148,0,1
596,1602.4196,-1683.8865,5.6119,269.8652,0,1
596,1591.4985,-1711.0421,5.6128,0.0437,0,1
596,1602.2015,-1687.9944,5.6107,89.8454,0,1
596,1602.0392,-1692.0045,5.6110,89.1947,0,1
596,1595.4047,-1711.5936,5.6116,180.3378,0,1
523,1582.1798,-1667.0845,5.4650,240.5349,0,0
523,1582.3419,-1669.2539,5.4650,239.3729,0,0
523,1582.1704,-1671.2072,5.4657,237.9856,0,0
523,1582.1514,-1673.4630,5.4652,238.0086,0,0
574,1526.7522,-1655.7896,5.6158,270.8942,26,26
574,1526.7056,-1652.4664,5.6158,270.6263,26,26
574,1526.5553,-1642.8456,5.6158,180.3993,26,26
574,1530.7841,-1642.8046,5.6158,179.2186,26,26
416,2033.1270,-1432.2743,17.2845,180.0169,1,3
416,2016.3477,-1414.9769,17.1412,86.7151,1,3
519,1806.1066,-2406.8108,14.4731,220.1901,1,1
519,1851.0873,-2397.0818,14.4738,221.0776,1,1
519,1881.2903,-2364.6726,14.4760,231.6925,1,1
593,1990.4940,-2400.4700,14.0069,126.8314,58,8
593,1991.9357,-2377.5691,14.0096,111.9823,19,33
593,1994.2283,-2329.9182,14.0074,123.6920,68,8
593,1993.0359,-2307.1487,14.0073,121.4826,2,1
485,2005.4028,-2340.4004,13.2026,353.8798,1,74
485,1944.1885,-2234.3225,13.2017,358.4947,1,75
485,1893.2838,-2320.5076,13.2070,285.2385,1,76
485,1882.2479,-2390.3965,13.2133,266.7464,1,77
485,1915.2466,-2643.3474,13.2050,2.2446,1,78
553,1944.5242,-2639.1465,14.8823,28.0299,55,23
553,1984.2778,-2637.7561,14.8831,9.0602,94,116
553,2019.7615,-2642.5803,14.8759,318.3256,128,7
476,2124.7380,-2418.2964,14.2641,205.4615,7,6
476,2142.8672,-2434.3076,14.2587,144.2144,1,6
476,2107.1399,-2417.1648,14.2647,150.9743,135,14
476,2083.0217,-2429.4854,14.2543,182.9969,119,117
510,2081.9866,-2359.7229,13.1551,64.1485,39,39
510,1866.6115,-2660.4602,13.1552,18.6151,6,6
513,1881.0273,-2632.3281,14.0996,40.9586,21,36
513,1891.9824,-2632.7056,14.1085,332.5663,138,122
593,1840.4315,-2631.8525,14.0080,319.2033,22,1
593,1822.1689,-2629.8713,14.0076,35.6965,36,8
593,1806.7133,-2630.3167,14.0037,32.0461,51,1
476,1752.8643,-2632.2061,14.2631,1.4834,103,102
481,1698.6532,-2692.0225,13.0592,256.1956,26,1
485,1707.5415,-2646.3325,13.2052,359.6846,1,73
487,1716.0422,-2437.5767,13.7316,148.7897,18,108
487,1737.4827,-2432.7019,13.7340,192.0326,24,78
487,1752.5586,-2452.2275,13.7322,147.2027,54,29
417,1636.0142,-2409.7209,13.6266,193.2301,0,0
417,1655.8718,-2410.4551,13.6350,156.9428,0,0
510,1600.9696,-2395.0103,13.2262,298.2056,28,28
497,1575.9307,-2408.7253,13.7347,153.2041,0,1
497,1554.8207,-2406.4417,13.7308,190.6669,0,1
446,728.1595,-1495.2687,-0.4906,179.7909,1,5
454,720.7040,-1633.3224,0.1487,177.6009,26,26
454,720.5267,-1699.9827,0.1866,358.9251,26,26
429,764.7679,-1660.5485,4.2160,94.0819,12,12
541,688.0235,-1600.1552,13.7216,359.7577,58,8
466,594.6932,-1519.6713,14.8586,178.9838,68,76
458,601.2115,-1519.8091,14.8971,359.8546,101,1
496,648.1077,-1507.8370,14.7836,88.3481,35,35
429,729.7592,-1433.3433,13.2151,90.2927,13,13
506,665.4387,-1421.5520,14.3497,1.6522,7,7
506,587.3435,-1499.5959,15.0621,273.6347,6,6
413,691.4462,-1570.2456,14.3358,179.2636,91,1
451,489.1148,-1514.9581,20.0516,186.2239,46,46
541,494.3372,-1604.7161,18.2000,275.6070,60,1
603,259.4689,-1597.9203,33.1167,299.1694,69,1
429,262.3868,-1603.2013,33.0642,323.2319,2,2
518,258.0661,-1591.6113,33.1217,275.3944,36,36
409,867.4957,-1285.9368,13.8859,357.4155,1,1
457,844.4999,-1197.9865,16.6038,0.3980,2,1
457,880.8410,-1199.7491,16.6031,357.7022,21,108
457,914.7440,-1199.8364,16.6032,359.8655,106,56
463,920.4453,-1290.5063,13.3508,118.6505,121,14
542,863.2733,-1375.0151,13.3187,85.7265,32,92
561,903.8953,-1454.9287,12.8651,270.7864,8,17
429,881.5562,-1453.8588,13.3618,271.8305,99,93
507,809.9615,-1448.9109,12.9680,87.2106,35,54
589,810.5452,-1464.3678,12.7191,85.7123,134,97
496,821.6033,-1473.7249,12.5756,357.5008,54,120
461,1031.1113,-1446.3105,13.1411,59.0580,67,86
418,1005.0084,-1461.3424,13.6427,183.0261,119,119
463,990.1287,-1354.9878,12.9125,285.7227,65,6
479,991.3929,-1345.2102,13.1759,271.1148,123,108
489,990.5985,-1306.8129,13.5204,179.0488,24,6
475,1002.5063,-1306.5654,13.1866,359.6424,37,0
518,981.5054,-1306.6899,13.1630,181.0135,71,18
414,979.2278,-1258.1351,16.8071,182.5786,24,1
506,955.9268,-1184.0712,16.6498,269.9031,30,31
549,955.8333,-1190.2795,16.6425,270.2728,75,39
482,956.0022,-1199.3633,17.1270,268.5538,20,20
468,956.3898,-1193.4253,16.6297,89.6432,46,46
567,1085.8342,-1199.3883,17.7945,90.5839,93,64
542,1097.0354,-1218.1705,17.5471,356.6483,45,92
461,1084.2866,-1232.2461,15.3945,243.6654,61,1
461,1083.9337,-1235.0449,15.4088,243.8919,75,1
461,1083.7941,-1238.1573,15.4110,243.1097,79,1
405,1109.0310,-1225.8809,15.6987,181.5343,75,1
458,1000.3081,-1084.5488,23.7069,179.6207,30,1
542,1015.8254,-1083.9113,23.5711,0.6381,119,113
461,1032.2993,-1082.4255,23.4136,166.6669,35,27
475,1003.6659,-1054.6088,30.6946,3.0438,122,102
560,1070.9109,-1102.3247,24.4439,270.7971,41,81
496,1137.6492,-1025.5586,31.5121,177.9917,67,6
558,1131.7341,-1010.0580,29.4899,95.0937,40,1
581,1205.2384,-977.0176,43.0742,179.7537,58,1
536,1227.2596,-974.1713,43.2139,180.2966,30,96
414,1110.5709,-1331.4204,13.1385,0.6026,43,1
581,989.3703,-1589.3812,13.0903,21.5606,66,1
542,1061.2451,-1665.2649,13.4966,91.9120,32,92
405,1136.5767,-1695.5199,13.6956,88.9354,75,1
463,1137.1466,-1700.1902,13.3869,87.9396,132,112
518,1280.4908,-1816.1259,13.0556,270.4623,133,56
482,1250.2468,-1835.0884,13.5047,180.4024,85,85
527,1196.9360,-1829.6980,13.1197,269.7545,90,9
589,1280.9364,-1833.0607,13.0418,90.8050,46,126
562,1267.0612,-1795.2074,13.0702,0.6533,102,24
463,1281.6627,-1805.1254,12.9241,62.4969,53,53
545,1238.0167,-1835.2385,13.2008,177.5310,40,96
400,1423.8417,-1845.0616,13.4772,270.4685,109,109
546,1536.6632,-1846.7765,13.2712,0.8185,3,87
475,1614.0917,-1893.9027,13.3521,357.9483,102,80
546,1796.2775,-1933.2837,13.1180,180.4499,113,78
545,1776.1965,-1917.6884,13.1976,90.7850,39,1
400,1776.1498,-1907.3949,13.4788,271.3831,101,1
400,1804.1429,-1909.4020,13.3328,269.6684,10,10
474,1804.4889,-1919.3353,13.1556,269.8831,110,1
496,1785.9353,-1933.2903,13.1750,0.8605,52,69
496,1776.2777,-1894.0770,12.9741,272.6132,15,15
482,1776.5122,-1899.9752,13.5071,87.3522,10,10
482,1791.3899,-1933.2008,13.5101,180.1195,118,118
461,1775.7963,-1912.6582,12.9720,269.4815,61,1
461,1775.7340,-1914.1243,12.9716,262.3925,75,1
536,1834.7808,-1871.9734,13.0925,179.2434,30,96
496,1836.6301,-1853.6381,13.1059,179.9886,20,20
414,1858.8854,-1875.5944,13.5724,180.1933,95,1
468,1900.5659,-1849.8379,13.2277,44.6102,94,63
589,1251.2297,-2042.1305,59.4474,180.0659,40,1
521,1244.8016,-2023.3499,59.4330,292.8341,92,3
506,1256.9205,-2009.4756,59.2126,0.8008,7,7
522,1277.8240,-2011.9354,58.4634,268.7320,7,79
463,1097.5217,-1763.8896,12.8933,267.4286,36,36
475,892.6356,-1668.8604,13.3544,179.2466,37,0
506,874.8234,-1658.4843,13.2514,181.7123,1,15
521,870.1176,-1676.6573,13.1183,186.2732,115,118
496,888.5651,-1679.1317,13.2628,357.5185,102,135
411,1671.5546,-1719.5422,20.2115,269.5804,132,108
415,1656.9489,-1695.5144,20.2285,358.9435,131,53
496,1671.9685,-1704.4779,20.2006,270.8929,66,72
461,1673.9683,-1713.0564,20.0617,67.1318,43,1
466,287.4403,-53.5151,1.3217,180.3743,62,34
422,109.2890,-150.6062,1.7835,182.5754,89,108
498,-196.8096,-232.7299,1.4901,90.5921,133,57
403,-199.9957,-285.4144,2.0351,90.5924,133,57
403,-200.2189,-275.2891,2.0383,91.6567,133,57
578,-194.7877,-196.3295,2.0529,257.8566,133,57
422,-169.0730,-202.1836,1.4064,257.8462,133,57
402,-39.7196,-377.4630,5.2613,180.2380,29,36
566,-9.5253,-377.6481,5.2111,178.0852,30,8
529,-0.4525,-353.8910,5.0621,269.4471,42,42
603,-62.5941,-324.9349,5.2677,90.3766,70,67
401,179.2976,-310.8240,1.3519,207.7475,47,47
445,319.0325,-126.0534,2.0656,90.7404,120,119
440,329.5297,-52.3254,1.6189,177.8881,32,32
458,319.1395,-84.5798,2.0518,91.7452,101,1
467,218.0327,-178.1497,1.3182,270.4043,58,8
475,218.7911,-173.3128,1.3817,270.2328,123,65
489,244.8729,-148.5339,1.7217,88.8350,14,123
492,247.1553,-129.2907,2.0627,90.8534,77,26
498,176.3295,-7.4976,1.6480,180.2088,105,113
439,278.4608,-54.8498,1.4740,359.8853,8,17
475,320.5600,-253.1715,1.3886,176.4384,17,1
524,312.2956,-251.1326,2.5129,175.4649,61,27
527,235.0123,-300.2693,1.2937,2.3086,53,1
536,213.0004,-244.5481,1.3203,272.8867,38,103
531,1077.2228,-288.7220,73.9531,358.7784,36,2
422,1112.7650,-306.5776,73.9655,267.5965,101,25
531,1067.0962,-288.6843,73.9569,2.3921,51,53
599,622.2627,-610.1340,17.3154,270.2242,0,1
599,622.2755,-606.0399,17.3060,269.8338,0,1
585,707.2459,-461.4757,15.9223,269.7682,91,35
500,667.6416,-461.4851,16.4435,268.6327,40,84
461,669.1239,-471.0320,15.9138,270.8030,37,1
542,668.1328,-546.3011,16.0794,269.8267,90,90
522,753.7540,-586.7284,16.9004,181.3295,36,105
549,748.6429,-581.7985,16.9131,269.3827,94,94
429,763.1589,-509.2891,16.8662,180.4318,127,44
547,786.0645,-498.4352,17.0708,3.0965,123,1
456,797.4796,-607.9578,16.5112,0.4182,84,63
554,751.6056,-553.2162,17.3698,180.8741,15,32
445,1396.5654,395.3847,19.6327,66.5844,47,47
559,1404.2180,411.9715,19.4141,67.1748,58,8
580,768.8481,348.3186,19.7428,190.0995,81,81
473,2103.2500,-98.4897,-0.2214,122.9253,56,53
473,2108.5276,-106.2102,-0.2394,122.9441,56,15
448,2323.3232,63.0302,26.0883,265.2746,3,6
439,2358.1836,-62.4556,27.3646,179.8344,37,78
436,2443.9980,-47.9166,26.9963,179.6730,87,1
436,2503.7507,125.9338,26.2435,1.0102,92,1
419,2493.9170,95.9780,26.2806,179.8299,47,76
412,2549.9116,81.1802,26.3143,270.4565,10,8
410,2551.1191,9.4253,26.6691,270.6199,9,1
508,2502.7742,6.0906,27.5812,2.9588,1,1
505,2380.9570,37.7925,27.1163,89.9017,120,123
500,2211.6929,-88.3423,26.9028,88.7287,13,119
496,2263.8970,-82.7569,26.2452,1.1014,66,72
492,2257.5105,-83.1763,26.3074,359.2125,30,26
405,2290.2622,155.5207,26.9788,0.1090,24,1
532,1996.7520,175.8992,31.3614,79.7076,0,0
532,1914.0114,192.1063,36.0155,358.2132,0,0
478,1905.3486,174.1229,37.1748,341.5607,66,1
549,1240.2759,214.9924,19.2519,243.7370,79,39
550,1367.7468,365.9338,20.3661,246.2637,15,15
547,1289.3826,339.9178,19.2903,247.1900,123,1
536,1231.7341,295.6075,19.2922,336.8393,57,96
455,-580.8631,-64.8466,65.3632,3.7867,84,31
468,-543.4543,-180.5744,78.0750,4.1580,53,53
468,-541.5284,-180.6667,78.0747,0.2240,53,53
471,-774.8654,-115.3844,64.6716,24.2185,120,112
471,-771.7146,-113.4644,64.8308,26.8406,120,112
532,-273.9301,-41.3983,3.4405,339.6638,0,0
532,-127.1731,55.7261,4.0943,158.3291,0,0
478,-137.3239,-48.9942,3.1078,342.2244,35,1
475,1368.2947,476.2750,19.9363,335.9672,37,0
475,2331.3064,133.1183,26.7203,270.6836,17,1
482,2308.6682,-74.7184,26.5995,89.9092,48,48
468,2208.6223,110.5543,27.0101,275.3439,53,53
471,1923.8339,147.8248,36.7282,93.4718,103,111
415,1586.3274,38.5556,24.6067,272.3959,25,1
468,1547.5862,10.6921,23.7739,265.3787,3,3
402,889.0992,-21.7845,63.1125,152.4678,13,13
403,1207.5240,189.3297,20.9522,334.8106,37,1
416,1249.8207,338.2164,19.6291,66.7975,1,3
482,1335.0803,284.7404,19.6860,243.0011,52,52
468,1414.2616,248.6772,19.2239,65.7798,6,6
475,751.2299,277.2577,27.1364,199.6289,56,29
468,747.8585,346.7843,20.1559,209.1134,6,6
403,221.6420,30.1998,3.1849,186.4463,28,1
525,157.2517,-166.2276,1.4527,90.9328,17,20
532,20.7659,24.6322,4.0942,340.4432,0,0
532,-6.4192,-11.1534,4.0939,163.1182,0,0
460,-332.7806,-467.6667,1.6828,228.5235,1,9
403,-564.8430,-473.1027,26.1267,178.3205,113,1
415,-535.2667,-488.2196,25.2958,358.2053,40,1
479,-499.9452,-472.3691,25.3184,178.8490,59,36
482,-480.4370,-486.2536,25.6331,177.1059,64,64